/* Limit for Open Test */
OPEN_UPPER = {
	331, 331, 331, 331, 331, 331, 331, 331, 331, 331, 331, 331, 331, 331, 331, 331, 331, 331, 331, 331, 331, 331, 331, 331, 331, 331, 331, 331, 331, 331, 331, 331, 331, 331, 331, 331,
	331, 331, 331, 331, 331, 331, 331, 331, 331, 331, 331, 331, 331, 331, 331, 331, 331, 331, 331, 331, 331, 331, 331, 331, 331, 331, 331, 331, 331, 331, 331, 331, 331, 331, 331, 331,
	331, 331, 331, 331, 331, 331, 331, 331, 331, 331, 331, 331, 331, 331, 331, 331, 331, 331, 331, 331, 331, 331, 331, 331, 331, 331, 331, 331, 331, 331, 331, 331, 331, 331, 331, 331,
	331, 331, 331, 331, 331, 331, 331, 331, 331, 331, 331, 331, 331, 331, 331, 331, 331, 331, 331, 331, 331, 331, 331, 331, 331, 331, 331, 331, 331, 331, 331, 331, 331, 331, 331, 331,
	331, 331, 331, 331, 331, 331, 331, 331, 331, 331, 331, 331, 331, 331, 331, 331, 331, 331, 331, 331, 331, 331, 331, 331, 331, 331, 331, 331, 331, 331, 331, 331, 331, 331, 331, 331,
	331, 331, 331, 331, 331, 331, 331, 331, 331, 331, 331, 331, 331, 331, 331, 331, 331, 331, 331, 331, 331, 331, 331, 331, 331, 331, 331, 331, 331, 331, 331, 331, 331, 331, 331, 331,
	331, 331, 331, 331, 331, 331, 331, 331, 331, 331, 331, 331, 331, 331, 331, 331, 331, 331, 331, 331, 331, 331, 331, 331, 331, 331, 331, 331, 331, 331, 331, 331, 331, 331, 331, 331,
	331, 331, 331, 331, 331, 331, 331, 331, 331, 331, 331, 331, 331, 331, 331, 331, 331, 331, 331, 331, 331, 331, 331, 331, 331, 331, 331, 331, 331, 331, 331, 331, 331, 331, 331, 331,
	331, 331, 331, 331, 331, 331, 331, 331, 331, 331, 331, 331, 331, 331, 331, 331, 331, 331, 331, 331, 331, 331, 331, 331, 331, 331, 331, 331, 331, 331, 331, 331, 331, 331, 331, 331,
	331, 331, 331, 331, 331, 331, 331, 331, 331, 331, 331, 331, 331, 331, 331, 331, 331, 331, 331, 331, 331, 331, 331, 331, 331, 331, 331, 331, 331, 331, 331, 331, 331, 331, 331, 331,
	331, 331, 331, 331, 331, 331, 331, 331, 331, 331, 331, 331, 331, 331, 331, 331, 331, 331, 331, 331, 331, 331, 331, 331, 331, 331, 331, 331, 331, 331, 331, 331, 331, 331, 331, 331,
	331, 331, 331, 331, 331, 331, 331, 331, 331, 331, 331, 331, 331, 331, 331, 331, 331, 331, 331, 331, 331, 331, 331, 331, 331, 331, 331, 331, 331, 331, 331, 331, 331, 331, 331, 331,
	331, 331, 331, 331, 331, 331, 331, 331, 331, 331, 331, 331, 331, 331, 331, 331, 331, 331, 331, 331, 331, 331, 331, 331, 331, 331, 331, 331, 331, 331, 331, 331, 331, 331, 331, 331,
	331, 331, 331, 331, 331, 331, 331, 331, 331, 331, 331, 331, 331, 331, 331, 331, 331, 331, 331, 331, 331, 331, 331, 331, 331, 331, 331, 331, 331, 331, 331, 331, 331, 331, 331, 331,
	331, 331, 331, 331, 331, 331, 331, 331, 331, 331, 331, 331, 331, 331, 331, 331, 331, 331, 331, 331, 331, 331, 331, 331, 331, 331, 331, 331, 331, 331, 331, 331, 331, 331, 331, 331,
	331, 331, 331, 331, 331, 331, 331, 331, 331, 331, 331, 331, 331, 331, 331, 331, 331, 331, 331, 331, 331, 331, 331, 331, 331, 331, 331, 331, 331, 331, 331, 331, 331, 331, 331, 331,
};

OPEN_LOWER = {
	111, 111, 111, 111, 111, 111, 111, 111, 111, 111, 111, 111, 111, 111, 111, 111, 111, 111, 111, 111, 111, 111, 111, 111, 111, 111, 111, 111, 111, 111, 111, 111, 111, 111, 111, 111,
	111, 111, 111, 111, 111, 111, 111, 111, 111, 111, 111, 111, 111, 111, 111, 111, 111, 111, 111, 111, 111, 111, 111, 111, 111, 111, 111, 111, 111, 111, 111, 111, 111, 111, 111, 111,
	111, 111, 111, 111, 111, 111, 111, 111, 111, 111, 111, 111, 111, 111, 111, 111, 111, 111, 111, 111, 111, 111, 111, 111, 111, 111, 111, 111, 111, 111, 111, 111, 111, 111, 111, 111,
	111, 111, 111, 111, 111, 111, 111, 111, 111, 111, 111, 111, 111, 111, 111, 111, 111, 111, 111, 111, 111, 111, 111, 111, 111, 111, 111, 111, 111, 111, 111, 111, 111, 111, 111, 111,
	111, 111, 111, 111, 111, 111, 111, 111, 111, 111, 111, 111, 111, 111, 111, 111, 111, 111, 111, 111, 111, 111, 111, 111, 111, 111, 111, 111, 111, 111, 111, 111, 111, 111, 111, 111,
	111, 111, 111, 111, 111, 111, 111, 111, 111, 111, 111, 111, 111, 111, 111, 111, 111, 111, 111, 111, 111, 111, 111, 111, 111, 111, 111, 111, 111, 111, 111, 111, 111, 111, 111, 111,
	111, 111, 111, 111, 111, 111, 111, 111, 111, 111, 111, 111, 111, 111, 111, 111, 111, 111, 111, 111, 111, 111, 111, 111, 111, 111, 111, 111, 111, 111, 111, 111, 111, 111, 111, 111,
	111, 111, 111, 111, 111, 111, 111, 111, 111, 111, 111, 111, 111, 111, 111, 111, 111, 111, 111, 111, 111, 111, 111, 111, 111, 111, 111, 111, 111, 111, 111, 111, 111, 111, 111, 111,
	111, 111, 111, 111, 111, 111, 111, 111, 111, 111, 111, 111, 111, 111, 111, 111, 111, 111, 111, 111, 111, 111, 111, 111, 111, 111, 111, 111, 111, 111, 111, 111, 111, 111, 111, 111,
	111, 111, 111, 111, 111, 111, 111, 111, 111, 111, 111, 111, 111, 111, 111, 111, 111, 111, 111, 111, 111, 111, 111, 111, 111, 111, 111, 111, 111, 111, 111, 111, 111, 111, 111, 111,
	111, 111, 111, 111, 111, 111, 111, 111, 111, 111, 111, 111, 111, 111, 111, 111, 111, 111, 111, 111, 111, 111, 111, 111, 111, 111, 111, 111, 111, 111, 111, 111, 111, 111, 111, 111,
	111, 111, 111, 111, 111, 111, 111, 111, 111, 111, 111, 111, 111, 111, 111, 111, 111, 111, 111, 111, 111, 111, 111, 111, 111, 111, 111, 111, 111, 111, 111, 111, 111, 111, 111, 111,
	111, 111, 111, 111, 111, 111, 111, 111, 111, 111, 111, 111, 111, 111, 111, 111, 111, 111, 111, 111, 111, 111, 111, 111, 111, 111, 111, 111, 111, 111, 111, 111, 111, 111, 111, 111,
	111, 111, 111, 111, 111, 111, 111, 111, 111, 111, 111, 111, 111, 111, 111, 111, 111, 111, 111, 111, 111, 111, 111, 111, 111, 111, 111, 111, 111, 111, 111, 111, 111, 111, 111, 111,
	111, 111, 111, 111, 111, 111, 111, 111, 111, 111, 111, 111, 111, 111, 111, 111, 111, 111, 111, 111, 111, 111, 111, 111, 111, 111, 111, 111, 111, 111, 111, 111, 111, 111, 111, 111,
	111, 111, 111, 111, 111, 111, 111, 111, 111, 111, 111, 111, 111, 111, 111, 111, 111, 111, 111, 111, 111, 111, 111, 111, 111, 111, 111, 111, 111, 111, 111, 111, 111, 111, 111, 111,
};

/* Limit for Micro Open Test */
MICRO_OPEN_UPPER = {
	128, 128, 128, 128, 128, 128, 128, 128, 128, 128, 128, 128, 128, 128, 128, 128, 128, 128, 128, 128, 128, 128, 128, 128, 128, 128, 128, 128, 128, 128, 128, 128, 128, 128, 128, 128,
	128, 128, 128, 128, 128, 128, 128, 128, 128, 128, 128, 128, 128, 128, 128, 128, 128, 128, 128, 128, 128, 128, 128, 128, 128, 128, 128, 128, 128, 128, 128, 128, 128, 128, 128, 128,
	128, 128, 128, 128, 128, 128, 128, 128, 128, 128, 128, 128, 128, 128, 128, 128, 128, 128, 128, 128, 128, 128, 128, 128, 128, 128, 128, 128, 128, 128, 128, 128, 128, 128, 128, 128,
	128, 128, 128, 128, 128, 128, 128, 128, 128, 128, 128, 128, 128, 128, 128, 128, 128, 128, 128, 128, 128, 128, 128, 128, 128, 128, 128, 128, 128, 128, 128, 128, 128, 128, 128, 128,
	128, 128, 128, 128, 128, 128, 128, 128, 128, 128, 128, 128, 128, 128, 128, 128, 128, 128, 128, 128, 128, 128, 128, 128, 128, 128, 128, 128, 128, 128, 128, 128, 128, 128, 128, 128,
	128, 128, 128, 128, 128, 128, 128, 128, 128, 128, 128, 128, 128, 128, 128, 128, 128, 128, 128, 128, 128, 128, 128, 128, 128, 128, 128, 128, 128, 128, 128, 128, 128, 128, 128, 128,
	128, 128, 128, 128, 128, 128, 128, 128, 128, 128, 128, 128, 128, 128, 128, 128, 128, 128, 128, 128, 128, 128, 128, 128, 128, 128, 128, 128, 128, 128, 128, 128, 128, 128, 128, 128,
	128, 128, 128, 128, 128, 128, 128, 128, 128, 128, 128, 128, 128, 128, 128, 128, 128, 128, 128, 128, 128, 128, 128, 128, 128, 128, 128, 128, 128, 128, 128, 128, 128, 128, 128, 128,
	128, 128, 128, 128, 128, 128, 128, 128, 128, 128, 128, 128, 128, 128, 128, 128, 128, 128, 128, 128, 128, 128, 128, 128, 128, 128, 128, 128, 128, 128, 128, 128, 128, 128, 128, 128,
	128, 128, 128, 128, 128, 128, 128, 128, 128, 128, 128, 128, 128, 128, 128, 128, 128, 128, 128, 128, 128, 128, 128, 128, 128, 128, 128, 128, 128, 128, 128, 128, 128, 128, 128, 128,
	128, 128, 128, 128, 128, 128, 128, 128, 128, 128, 128, 128, 128, 128, 128, 128, 128, 128, 128, 128, 128, 128, 128, 128, 128, 128, 128, 128, 128, 128, 128, 128, 128, 128, 128, 128,
	128, 128, 128, 128, 128, 128, 128, 128, 128, 128, 128, 128, 128, 128, 128, 128, 128, 128, 128, 128, 128, 128, 128, 128, 128, 128, 128, 128, 128, 128, 128, 128, 128, 128, 128, 128,
	128, 128, 128, 128, 128, 128, 128, 128, 128, 128, 128, 128, 128, 128, 128, 128, 128, 128, 128, 128, 128, 128, 128, 128, 128, 128, 128, 128, 128, 128, 128, 128, 128, 128, 128, 128,
	128, 128, 128, 128, 128, 128, 128, 128, 128, 128, 128, 128, 128, 128, 128, 128, 128, 128, 128, 128, 128, 128, 128, 128, 128, 128, 128, 128, 128, 128, 128, 128, 128, 128, 128, 128,
	128, 128, 128, 128, 128, 128, 128, 128, 128, 128, 128, 128, 128, 128, 128, 128, 128, 128, 128, 128, 128, 128, 128, 128, 128, 128, 128, 128, 128, 128, 128, 128, 128, 128, 128, 128,
	128, 128, 128, 128, 128, 128, 128, 128, 128, 128, 128, 128, 128, 128, 128, 128, 128, 128, 128, 128, 128, 128, 128, 128, 128, 128, 128, 128, 128, 128, 128, 128, 128, 128, 128, 128,
};

MICRO_OPEN_LOWER = {
	0, 0, 0, 0, 0, 0, 0, 0, 0, 0, 0, 0, 0, 0, 0, 0, 0, 0, 0, 0, 0, 0, 0, 0, 0, 0, 0, 0, 0, 0, 0, 0, 0, 0, 0, 0,
	0, 0, 0, 0, 0, 0, 0, 0, 0, 0, 0, 0, 0, 0, 0, 0, 0, 0, 0, 0, 0, 0, 0, 0, 0, 0, 0, 0, 0, 0, 0, 0, 0, 0, 0, 0,
	0, 0, 0, 0, 0, 0, 0, 0, 0, 0, 0, 0, 0, 0, 0, 0, 0, 0, 0, 0, 0, 0, 0, 0, 0, 0, 0, 0, 0, 0, 0, 0, 0, 0, 0, 0,
	0, 0, 0, 0, 0, 0, 0, 0, 0, 0, 0, 0, 0, 0, 0, 0, 0, 0, 0, 0, 0, 0, 0, 0, 0, 0, 0, 0, 0, 0, 0, 0, 0, 0, 0, 0,
	0, 0, 0, 0, 0, 0, 0, 0, 0, 0, 0, 0, 0, 0, 0, 0, 0, 0, 0, 0, 0, 0, 0, 0, 0, 0, 0, 0, 0, 0, 0, 0, 0, 0, 0, 0,
	0, 0, 0, 0, 0, 0, 0, 0, 0, 0, 0, 0, 0, 0, 0, 0, 0, 0, 0, 0, 0, 0, 0, 0, 0, 0, 0, 0, 0, 0, 0, 0, 0, 0, 0, 0,
	0, 0, 0, 0, 0, 0, 0, 0, 0, 0, 0, 0, 0, 0, 0, 0, 0, 0, 0, 0, 0, 0, 0, 0, 0, 0, 0, 0, 0, 0, 0, 0, 0, 0, 0, 0,
	0, 0, 0, 0, 0, 0, 0, 0, 0, 0, 0, 0, 0, 0, 0, 0, 0, 0, 0, 0, 0, 0, 0, 0, 0, 0, 0, 0, 0, 0, 0, 0, 0, 0, 0, 0,
	0, 0, 0, 0, 0, 0, 0, 0, 0, 0, 0, 0, 0, 0, 0, 0, 0, 0, 0, 0, 0, 0, 0, 0, 0, 0, 0, 0, 0, 0, 0, 0, 0, 0, 0, 0,
	0, 0, 0, 0, 0, 0, 0, 0, 0, 0, 0, 0, 0, 0, 0, 0, 0, 0, 0, 0, 0, 0, 0, 0, 0, 0, 0, 0, 0, 0, 0, 0, 0, 0, 0, 0,
	0, 0, 0, 0, 0, 0, 0, 0, 0, 0, 0, 0, 0, 0, 0, 0, 0, 0, 0, 0, 0, 0, 0, 0, 0, 0, 0, 0, 0, 0, 0, 0, 0, 0, 0, 0,
	0, 0, 0, 0, 0, 0, 0, 0, 0, 0, 0, 0, 0, 0, 0, 0, 0, 0, 0, 0, 0, 0, 0, 0, 0, 0, 0, 0, 0, 0, 0, 0, 0, 0, 0, 0,
	0, 0, 0, 0, 0, 0, 0, 0, 0, 0, 0, 0, 0, 0, 0, 0, 0, 0, 0, 0, 0, 0, 0, 0, 0, 0, 0, 0, 0, 0, 0, 0, 0, 0, 0, 0,
	0, 0, 0, 0, 0, 0, 0, 0, 0, 0, 0, 0, 0, 0, 0, 0, 0, 0, 0, 0, 0, 0, 0, 0, 0, 0, 0, 0, 0, 0, 0, 0, 0, 0, 0, 0,
	0, 0, 0, 0, 0, 0, 0, 0, 0, 0, 0, 0, 0, 0, 0, 0, 0, 0, 0, 0, 0, 0, 0, 0, 0, 0, 0, 0, 0, 0, 0, 0, 0, 0, 0, 0,
	0, 0, 0, 0, 0, 0, 0, 0, 0, 0, 0, 0, 0, 0, 0, 0, 0, 0, 0, 0, 0, 0, 0, 0, 0, 0, 0, 0, 0, 0, 0, 0, 0, 0, 0, 0,
};

/* Limit for Short Test */
SHORT_UPPER = {
	75, 75, 75, 75, 75, 75, 75, 75, 75, 75, 75, 75, 75, 75, 75, 75, 75, 75, 75, 75, 75, 75, 75, 75, 75, 75, 75, 75, 75, 75, 75, 75, 75, 75, 75, 75,
	75, 75, 75, 75, 75, 75, 75, 75, 75, 75, 75, 75, 75, 75, 75, 75, 75, 75, 75, 75, 75, 75, 75, 75, 75, 75, 75, 75, 75, 75, 75, 75, 75, 75, 75, 75,
	75, 75, 75, 75, 75, 75, 75, 75, 75, 75, 75, 75, 75, 75, 75, 75, 75, 75, 75, 75, 75, 75, 75, 75, 75, 75, 75, 75, 75, 75, 75, 75, 75, 75, 75, 75,
	75, 75, 75, 75, 75, 75, 75, 75, 75, 75, 75, 75, 75, 75, 75, 75, 75, 75, 75, 75, 75, 75, 75, 75, 75, 75, 75, 75, 75, 75, 75, 75, 75, 75, 75, 75,
	75, 75, 75, 75, 75, 75, 75, 75, 75, 75, 75, 75, 75, 75, 75, 75, 75, 75, 75, 75, 75, 75, 75, 75, 75, 75, 75, 75, 75, 75, 75, 75, 75, 75, 75, 75,
	75, 75, 75, 75, 75, 75, 75, 75, 75, 75, 75, 75, 75, 75, 75, 75, 75, 75, 75, 75, 75, 75, 75, 75, 75, 75, 75, 75, 75, 75, 75, 75, 75, 75, 75, 75,
	75, 75, 75, 75, 75, 75, 75, 75, 75, 75, 75, 75, 75, 75, 75, 75, 75, 75, 75, 75, 75, 75, 75, 75, 75, 75, 75, 75, 75, 75, 75, 75, 75, 75, 75, 75,
	75, 75, 75, 75, 75, 75, 75, 75, 75, 75, 75, 75, 75, 75, 75, 75, 75, 75, 75, 75, 75, 75, 75, 75, 75, 75, 75, 75, 75, 75, 75, 75, 75, 75, 75, 75,
	75, 75, 75, 75, 75, 75, 75, 75, 75, 75, 75, 75, 75, 75, 75, 75, 75, 75, 75, 75, 75, 75, 75, 75, 75, 75, 75, 75, 75, 75, 75, 75, 75, 75, 75, 75,
	75, 75, 75, 75, 75, 75, 75, 75, 75, 75, 75, 75, 75, 75, 75, 75, 75, 75, 75, 75, 75, 75, 75, 75, 75, 75, 75, 75, 75, 75, 75, 75, 75, 75, 75, 75,
	75, 75, 75, 75, 75, 75, 75, 75, 75, 75, 75, 75, 75, 75, 75, 75, 75, 75, 75, 75, 75, 75, 75, 75, 75, 75, 75, 75, 75, 75, 75, 75, 75, 75, 75, 75,
	75, 75, 75, 75, 75, 75, 75, 75, 75, 75, 75, 75, 75, 75, 75, 75, 75, 75, 75, 75, 75, 75, 75, 75, 75, 75, 75, 75, 75, 75, 75, 75, 75, 75, 75, 75,
	75, 75, 75, 75, 75, 75, 75, 75, 75, 75, 75, 75, 75, 75, 75, 75, 75, 75, 75, 75, 75, 75, 75, 75, 75, 75, 75, 75, 75, 75, 75, 75, 75, 75, 75, 75,
	75, 75, 75, 75, 75, 75, 75, 75, 75, 75, 75, 75, 75, 75, 75, 75, 75, 75, 75, 75, 75, 75, 75, 75, 75, 75, 75, 75, 75, 75, 75, 75, 75, 75, 75, 75,
	75, 75, 75, 75, 75, 75, 75, 75, 75, 75, 75, 75, 75, 75, 75, 75, 75, 75, 75, 75, 75, 75, 75, 75, 75, 75, 75, 75, 75, 75, 75, 75, 75, 75, 75, 75,
	75, 75, 75, 75, 75, 75, 75, 75, 75, 75, 75, 75, 75, 75, 75, 75, 75, 75, 75, 75, 75, 75, 75, 75, 75, 75, 75, 75, 75, 75, 75, 75, 75, 75, 75, 75,
};

SHORT_LOWER = {
	0, 0, 0, 0, 0, 0, 0, 0, 0, 0, 0, 0, 0, 0, 0, 0, 0, 0, 0, 0, 0, 0, 0, 0, 0, 0, 0, 0, 0, 0, 0, 0, 0, 0, 0, 0,
	0, 0, 0, 0, 0, 0, 0, 0, 0, 0, 0, 0, 0, 0, 0, 0, 0, 0, 0, 0, 0, 0, 0, 0, 0, 0, 0, 0, 0, 0, 0, 0, 0, 0, 0, 0,
	0, 0, 0, 0, 0, 0, 0, 0, 0, 0, 0, 0, 0, 0, 0, 0, 0, 0, 0, 0, 0, 0, 0, 0, 0, 0, 0, 0, 0, 0, 0, 0, 0, 0, 0, 0,
	0, 0, 0, 0, 0, 0, 0, 0, 0, 0, 0, 0, 0, 0, 0, 0, 0, 0, 0, 0, 0, 0, 0, 0, 0, 0, 0, 0, 0, 0, 0, 0, 0, 0, 0, 0,
	0, 0, 0, 0, 0, 0, 0, 0, 0, 0, 0, 0, 0, 0, 0, 0, 0, 0, 0, 0, 0, 0, 0, 0, 0, 0, 0, 0, 0, 0, 0, 0, 0, 0, 0, 0,
	0, 0, 0, 0, 0, 0, 0, 0, 0, 0, 0, 0, 0, 0, 0, 0, 0, 0, 0, 0, 0, 0, 0, 0, 0, 0, 0, 0, 0, 0, 0, 0, 0, 0, 0, 0,
	0, 0, 0, 0, 0, 0, 0, 0, 0, 0, 0, 0, 0, 0, 0, 0, 0, 0, 0, 0, 0, 0, 0, 0, 0, 0, 0, 0, 0, 0, 0, 0, 0, 0, 0, 0,
	0, 0, 0, 0, 0, 0, 0, 0, 0, 0, 0, 0, 0, 0, 0, 0, 0, 0, 0, 0, 0, 0, 0, 0, 0, 0, 0, 0, 0, 0, 0, 0, 0, 0, 0, 0,
	0, 0, 0, 0, 0, 0, 0, 0, 0, 0, 0, 0, 0, 0, 0, 0, 0, 0, 0, 0, 0, 0, 0, 0, 0, 0, 0, 0, 0, 0, 0, 0, 0, 0, 0, 0,
	0, 0, 0, 0, 0, 0, 0, 0, 0, 0, 0, 0, 0, 0, 0, 0, 0, 0, 0, 0, 0, 0, 0, 0, 0, 0, 0, 0, 0, 0, 0, 0, 0, 0, 0, 0,
	0, 0, 0, 0, 0, 0, 0, 0, 0, 0, 0, 0, 0, 0, 0, 0, 0, 0, 0, 0, 0, 0, 0, 0, 0, 0, 0, 0, 0, 0, 0, 0, 0, 0, 0, 0,
	0, 0, 0, 0, 0, 0, 0, 0, 0, 0, 0, 0, 0, 0, 0, 0, 0, 0, 0, 0, 0, 0, 0, 0, 0, 0, 0, 0, 0, 0, 0, 0, 0, 0, 0, 0,
	0, 0, 0, 0, 0, 0, 0, 0, 0, 0, 0, 0, 0, 0, 0, 0, 0, 0, 0, 0, 0, 0, 0, 0, 0, 0, 0, 0, 0, 0, 0, 0, 0, 0, 0, 0,
	0, 0, 0, 0, 0, 0, 0, 0, 0, 0, 0, 0, 0, 0, 0, 0, 0, 0, 0, 0, 0, 0, 0, 0, 0, 0, 0, 0, 0, 0, 0, 0, 0, 0, 0, 0,
	0, 0, 0, 0, 0, 0, 0, 0, 0, 0, 0, 0, 0, 0, 0, 0, 0, 0, 0, 0, 0, 0, 0, 0, 0, 0, 0, 0, 0, 0, 0, 0, 0, 0, 0, 0,
	0, 0, 0, 0, 0, 0, 0, 0, 0, 0, 0, 0, 0, 0, 0, 0, 0, 0, 0, 0, 0, 0, 0, 0, 0, 0, 0, 0, 0, 0, 0, 0, 0, 0, 0, 0,
};

/* Limit for Rawdata Test */
RAWDATA_UPPER = {
	17000, 17000, 17000, 17000, 17000, 17000, 17000, 17000, 17000, 17000, 17000, 17000, 17000, 17000, 17000, 17000, 17000, 17000, 17000, 17000, 17000, 17000, 17000, 17000, 17000, 17000, 17000, 17000, 17000, 17000, 17000, 17000, 17000, 17000, 17000, 17000,
	17000, 17000, 17000, 17000, 17000, 17000, 17000, 17000, 17000, 17000, 17000, 17000, 17000, 17000, 17000, 17000, 17000, 17000, 17000, 17000, 17000, 17000, 17000, 17000, 17000, 17000, 17000, 17000, 17000, 17000, 17000, 17000, 17000, 17000, 17000, 17000,
	17000, 17000, 17000, 17000, 17000, 17000, 17000, 17000, 17000, 17000, 17000, 17000, 17000, 17000, 17000, 17000, 17000, 17000, 17000, 17000, 17000, 17000, 17000, 17000, 17000, 17000, 17000, 17000, 17000, 17000, 17000, 17000, 17000, 17000, 17000, 17000,
	17000, 17000, 17000, 17000, 17000, 17000, 17000, 17000, 17000, 17000, 17000, 17000, 17000, 17000, 17000, 17000, 17000, 17000, 17000, 17000, 17000, 17000, 17000, 17000, 17000, 17000, 17000, 17000, 17000, 17000, 17000, 17000, 17000, 17000, 17000, 17000,
	17000, 17000, 17000, 17000, 17000, 17000, 17000, 17000, 17000, 17000, 17000, 17000, 17000, 17000, 17000, 17000, 17000, 17000, 17000, 17000, 17000, 17000, 17000, 17000, 17000, 17000, 17000, 17000, 17000, 17000, 17000, 17000, 17000, 17000, 17000, 17000,
	17000, 17000, 17000, 17000, 17000, 17000, 17000, 17000, 17000, 17000, 17000, 17000, 17000, 17000, 17000, 17000, 17000, 17000, 17000, 17000, 17000, 17000, 17000, 17000, 17000, 17000, 17000, 17000, 17000, 17000, 17000, 17000, 17000, 17000, 17000, 17000,
	17000, 17000, 17000, 17000, 17000, 17000, 17000, 17000, 17000, 17000, 17000, 17000, 17000, 17000, 17000, 17000, 17000, 17000, 17000, 17000, 17000, 17000, 17000, 17000, 17000, 17000, 17000, 17000, 17000, 17000, 17000, 17000, 17000, 17000, 17000, 17000,
	17000, 17000, 17000, 17000, 17000, 17000, 17000, 17000, 17000, 17000, 17000, 17000, 17000, 17000, 17000, 17000, 17000, 17000, 17000, 17000, 17000, 17000, 17000, 17000, 17000, 17000, 17000, 17000, 17000, 17000, 17000, 17000, 17000, 17000, 17000, 17000,
	17000, 17000, 17000, 17000, 17000, 17000, 17000, 17000, 17000, 17000, 17000, 17000, 17000, 17000, 17000, 17000, 17000, 17000, 17000, 17000, 17000, 17000, 17000, 17000, 17000, 17000, 17000, 17000, 17000, 17000, 17000, 17000, 17000, 17000, 17000, 17000,
	17000, 17000, 17000, 17000, 17000, 17000, 17000, 17000, 17000, 17000, 17000, 17000, 17000, 17000, 17000, 17000, 17000, 17000, 17000, 17000, 17000, 17000, 17000, 17000, 17000, 17000, 17000, 17000, 17000, 17000, 17000, 17000, 17000, 17000, 17000, 17000,
	17000, 17000, 17000, 17000, 17000, 17000, 17000, 17000, 17000, 17000, 17000, 17000, 17000, 17000, 17000, 17000, 17000, 17000, 17000, 17000, 17000, 17000, 17000, 17000, 17000, 17000, 17000, 17000, 17000, 17000, 17000, 17000, 17000, 17000, 17000, 17000,
	17000, 17000, 17000, 17000, 17000, 17000, 17000, 17000, 17000, 17000, 17000, 17000, 17000, 17000, 17000, 17000, 17000, 17000, 17000, 17000, 17000, 17000, 17000, 17000, 17000, 17000, 17000, 17000, 17000, 17000, 17000, 17000, 17000, 17000, 17000, 17000,
	17000, 17000, 17000, 17000, 17000, 17000, 17000, 17000, 17000, 17000, 17000, 17000, 17000, 17000, 17000, 17000, 17000, 17000, 17000, 17000, 17000, 17000, 17000, 17000, 17000, 17000, 17000, 17000, 17000, 17000, 17000, 17000, 17000, 17000, 17000, 17000,
	17000, 17000, 17000, 17000, 17000, 17000, 17000, 17000, 17000, 17000, 17000, 17000, 17000, 17000, 17000, 17000, 17000, 17000, 17000, 17000, 17000, 17000, 17000, 17000, 17000, 17000, 17000, 17000, 17000, 17000, 17000, 17000, 17000, 17000, 17000, 17000,
	17000, 17000, 17000, 17000, 17000, 17000, 17000, 17000, 17000, 17000, 17000, 17000, 17000, 17000, 17000, 17000, 17000, 17000, 17000, 17000, 17000, 17000, 17000, 17000, 17000, 17000, 17000, 17000, 17000, 17000, 17000, 17000, 17000, 17000, 17000, 17000,
	17000, 17000, 17000, 17000, 17000, 17000, 17000, 17000, 17000, 17000, 17000, 17000, 17000, 17000, 17000, 17000, 17000, 17000, 17000, 17000, 17000, 17000, 17000, 17000, 17000, 17000, 17000, 17000, 17000, 17000, 17000, 17000, 17000, 17000, 17000, 17000,
};

RAWDATA_LOWER = {
	1000, 1000, 1000, 1000, 1000, 1000, 1000, 1000, 1000, 1000, 1000, 1000, 1000, 1000, 1000, 1000, 1000, 1000, 1000, 1000, 1000, 1000, 1000, 1000, 1000, 1000, 1000, 1000, 1000, 1000, 1000, 1000, 1000, 1000, 1000, 1000,
	1000, 1000, 1000, 1000, 1000, 1000, 1000, 1000, 1000, 1000, 1000, 1000, 1000, 1000, 1000, 1000, 1000, 1000, 1000, 1000, 1000, 1000, 1000, 1000, 1000, 1000, 1000, 1000, 1000, 1000, 1000, 1000, 1000, 1000, 1000, 1000,
	1000, 1000, 1000, 1000, 1000, 1000, 1000, 1000, 1000, 1000, 1000, 1000, 1000, 1000, 1000, 1000, 1000, 1000, 1000, 1000, 1000, 1000, 1000, 1000, 1000, 1000, 1000, 1000, 1000, 1000, 1000, 1000, 1000, 1000, 1000, 1000,
	1000, 1000, 1000, 1000, 1000, 1000, 1000, 1000, 1000, 1000, 1000, 1000, 1000, 1000, 1000, 1000, 1000, 1000, 1000, 1000, 1000, 1000, 1000, 1000, 1000, 1000, 1000, 1000, 1000, 1000, 1000, 1000, 1000, 1000, 1000, 1000,
	1000, 1000, 1000, 1000, 1000, 1000, 1000, 1000, 1000, 1000, 1000, 1000, 1000, 1000, 1000, 1000, 1000, 1000, 1000, 1000, 1000, 1000, 1000, 1000, 1000, 1000, 1000, 1000, 1000, 1000, 1000, 1000, 1000, 1000, 1000, 1000,
	1000, 1000, 1000, 1000, 1000, 1000, 1000, 1000, 1000, 1000, 1000, 1000, 1000, 1000, 1000, 1000, 1000, 1000, 1000, 1000, 1000, 1000, 1000, 1000, 1000, 1000, 1000, 1000, 1000, 1000, 1000, 1000, 1000, 1000, 1000, 1000,
	1000, 1000, 1000, 1000, 1000, 1000, 1000, 1000, 1000, 1000, 1000, 1000, 1000, 1000, 1000, 1000, 1000, 1000, 1000, 1000, 1000, 1000, 1000, 1000, 1000, 1000, 1000, 1000, 1000, 1000, 1000, 1000, 1000, 1000, 1000, 1000,
	1000, 1000, 1000, 1000, 1000, 1000, 1000, 1000, 1000, 1000, 1000, 1000, 1000, 1000, 1000, 1000, 1000, 1000, 1000, 1000, 1000, 1000, 1000, 1000, 1000, 1000, 1000, 1000, 1000, 1000, 1000, 1000, 1000, 1000, 1000, 1000,
	1000, 1000, 1000, 1000, 1000, 1000, 1000, 1000, 1000, 1000, 1000, 1000, 1000, 1000, 1000, 1000, 1000, 1000, 1000, 1000, 1000, 1000, 1000, 1000, 1000, 1000, 1000, 1000, 1000, 1000, 1000, 1000, 1000, 1000, 1000, 1000,
	1000, 1000, 1000, 1000, 1000, 1000, 1000, 1000, 1000, 1000, 1000, 1000, 1000, 1000, 1000, 1000, 1000, 1000, 1000, 1000, 1000, 1000, 1000, 1000, 1000, 1000, 1000, 1000, 1000, 1000, 1000, 1000, 1000, 1000, 1000, 1000,
	1000, 1000, 1000, 1000, 1000, 1000, 1000, 1000, 1000, 1000, 1000, 1000, 1000, 1000, 1000, 1000, 1000, 1000, 1000, 1000, 1000, 1000, 1000, 1000, 1000, 1000, 1000, 1000, 1000, 1000, 1000, 1000, 1000, 1000, 1000, 1000,
	1000, 1000, 1000, 1000, 1000, 1000, 1000, 1000, 1000, 1000, 1000, 1000, 1000, 1000, 1000, 1000, 1000, 1000, 1000, 1000, 1000, 1000, 1000, 1000, 1000, 1000, 1000, 1000, 1000, 1000, 1000, 1000, 1000, 1000, 1000, 1000,
	1000, 1000, 1000, 1000, 1000, 1000, 1000, 1000, 1000, 1000, 1000, 1000, 1000, 1000, 1000, 1000, 1000, 1000, 1000, 1000, 1000, 1000, 1000, 1000, 1000, 1000, 1000, 1000, 1000, 1000, 1000, 1000, 1000, 1000, 1000, 1000,
	1000, 1000, 1000, 1000, 1000, 1000, 1000, 1000, 1000, 1000, 1000, 1000, 1000, 1000, 1000, 1000, 1000, 1000, 1000, 1000, 1000, 1000, 1000, 1000, 1000, 1000, 1000, 1000, 1000, 1000, 1000, 1000, 1000, 1000, 1000, 1000,
	1000, 1000, 1000, 1000, 1000, 1000, 1000, 1000, 1000, 1000, 1000, 1000, 1000, 1000, 1000, 1000, 1000, 1000, 1000, 1000, 1000, 1000, 1000, 1000, 1000, 1000, 1000, 1000, 1000, 1000, 1000, 1000, 1000, 1000, 1000, 1000,
	1000, 1000, 1000, 1000, 1000, 1000, 1000, 1000, 1000, 1000, 1000, 1000, 1000, 1000, 1000, 1000, 1000, 1000, 1000, 1000, 1000, 1000, 1000, 1000, 1000, 1000, 1000, 1000, 1000, 1000, 1000, 1000, 1000, 1000, 1000, 1000,
};

/* Limit for LPWG Rawdata Test */
LPWG_RAWDATA_UPPER = {
	17000, 17000, 17000, 17000, 17000, 17000, 17000, 17000, 17000, 17000, 17000, 17000, 17000, 17000, 17000, 17000, 17000, 17000, 17000, 17000, 17000, 17000, 17000, 17000, 17000, 17000, 17000, 17000, 17000, 17000, 17000, 17000, 17000, 17000, 17000, 17000,
	17000, 17000, 17000, 17000, 17000, 17000, 17000, 17000, 17000, 17000, 17000, 17000, 17000, 17000, 17000, 17000, 17000, 17000, 17000, 17000, 17000, 17000, 17000, 17000, 17000, 17000, 17000, 17000, 17000, 17000, 17000, 17000, 17000, 17000, 17000, 17000,
	17000, 17000, 17000, 17000, 17000, 17000, 17000, 17000, 17000, 17000, 17000, 17000, 17000, 17000, 17000, 17000, 17000, 17000, 17000, 17000, 17000, 17000, 17000, 17000, 17000, 17000, 17000, 17000, 17000, 17000, 17000, 17000, 17000, 17000, 17000, 17000,
	17000, 17000, 17000, 17000, 17000, 17000, 17000, 17000, 17000, 17000, 17000, 17000, 17000, 17000, 17000, 17000, 17000, 17000, 17000, 17000, 17000, 17000, 17000, 17000, 17000, 17000, 17000, 17000, 17000, 17000, 17000, 17000, 17000, 17000, 17000, 17000,
	17000, 17000, 17000, 17000, 17000, 17000, 17000, 17000, 17000, 17000, 17000, 17000, 17000, 17000, 17000, 17000, 17000, 17000, 17000, 17000, 17000, 17000, 17000, 17000, 17000, 17000, 17000, 17000, 17000, 17000, 17000, 17000, 17000, 17000, 17000, 17000,
	17000, 17000, 17000, 17000, 17000, 17000, 17000, 17000, 17000, 17000, 17000, 17000, 17000, 17000, 17000, 17000, 17000, 17000, 17000, 17000, 17000, 17000, 17000, 17000, 17000, 17000, 17000, 17000, 17000, 17000, 17000, 17000, 17000, 17000, 17000, 17000,
	17000, 17000, 17000, 17000, 17000, 17000, 17000, 17000, 17000, 17000, 17000, 17000, 17000, 17000, 17000, 17000, 17000, 17000, 17000, 17000, 17000, 17000, 17000, 17000, 17000, 17000, 17000, 17000, 17000, 17000, 17000, 17000, 17000, 17000, 17000, 17000,
	17000, 17000, 17000, 17000, 17000, 17000, 17000, 17000, 17000, 17000, 17000, 17000, 17000, 17000, 17000, 17000, 17000, 17000, 17000, 17000, 17000, 17000, 17000, 17000, 17000, 17000, 17000, 17000, 17000, 17000, 17000, 17000, 17000, 17000, 17000, 17000,
	17000, 17000, 17000, 17000, 17000, 17000, 17000, 17000, 17000, 17000, 17000, 17000, 17000, 17000, 17000, 17000, 17000, 17000, 17000, 17000, 17000, 17000, 17000, 17000, 17000, 17000, 17000, 17000, 17000, 17000, 17000, 17000, 17000, 17000, 17000, 17000,
	17000, 17000, 17000, 17000, 17000, 17000, 17000, 17000, 17000, 17000, 17000, 17000, 17000, 17000, 17000, 17000, 17000, 17000, 17000, 17000, 17000, 17000, 17000, 17000, 17000, 17000, 17000, 17000, 17000, 17000, 17000, 17000, 17000, 17000, 17000, 17000,
	17000, 17000, 17000, 17000, 17000, 17000, 17000, 17000, 17000, 17000, 17000, 17000, 17000, 17000, 17000, 17000, 17000, 17000, 17000, 17000, 17000, 17000, 17000, 17000, 17000, 17000, 17000, 17000, 17000, 17000, 17000, 17000, 17000, 17000, 17000, 17000,
	17000, 17000, 17000, 17000, 17000, 17000, 17000, 17000, 17000, 17000, 17000, 17000, 17000, 17000, 17000, 17000, 17000, 17000, 17000, 17000, 17000, 17000, 17000, 17000, 17000, 17000, 17000, 17000, 17000, 17000, 17000, 17000, 17000, 17000, 17000, 17000,
	17000, 17000, 17000, 17000, 17000, 17000, 17000, 17000, 17000, 17000, 17000, 17000, 17000, 17000, 17000, 17000, 17000, 17000, 17000, 17000, 17000, 17000, 17000, 17000, 17000, 17000, 17000, 17000, 17000, 17000, 17000, 17000, 17000, 17000, 17000, 17000,
	17000, 17000, 17000, 17000, 17000, 17000, 17000, 17000, 17000, 17000, 17000, 17000, 17000, 17000, 17000, 17000, 17000, 17000, 17000, 17000, 17000, 17000, 17000, 17000, 17000, 17000, 17000, 17000, 17000, 17000, 17000, 17000, 17000, 17000, 17000, 17000,
	17000, 17000, 17000, 17000, 17000, 17000, 17000, 17000, 17000, 17000, 17000, 17000, 17000, 17000, 17000, 17000, 17000, 17000, 17000, 17000, 17000, 17000, 17000, 17000, 17000, 17000, 17000, 17000, 17000, 17000, 17000, 17000, 17000, 17000, 17000, 17000,
	17000, 17000, 17000, 17000, 17000, 17000, 17000, 17000, 17000, 17000, 17000, 17000, 17000, 17000, 17000, 17000, 17000, 17000, 17000, 17000, 17000, 17000, 17000, 17000, 17000, 17000, 17000, 17000, 17000, 17000, 17000, 17000, 17000, 17000, 17000, 17000,
};

LPWG_RAWDATA_LOWER = {
	1000, 1000, 1000, 1000, 1000, 1000, 1000, 1000, 1000, 1000, 1000, 1000, 1000, 1000, 1000, 1000, 1000, 1000, 1000, 1000, 1000, 1000, 1000, 1000, 1000, 1000, 1000, 1000, 1000, 1000, 1000, 1000, 1000, 1000, 1000, 1000,
	1000, 1000, 1000, 1000, 1000, 1000, 1000, 1000, 1000, 1000, 1000, 1000, 1000, 1000, 1000, 1000, 1000, 1000, 1000, 1000, 1000, 1000, 1000, 1000, 1000, 1000, 1000, 1000, 1000, 1000, 1000, 1000, 1000, 1000, 1000, 1000,
	1000, 1000, 1000, 1000, 1000, 1000, 1000, 1000, 1000, 1000, 1000, 1000, 1000, 1000, 1000, 1000, 1000, 1000, 1000, 1000, 1000, 1000, 1000, 1000, 1000, 1000, 1000, 1000, 1000, 1000, 1000, 1000, 1000, 1000, 1000, 1000,
	1000, 1000, 1000, 1000, 1000, 1000, 1000, 1000, 1000, 1000, 1000, 1000, 1000, 1000, 1000, 1000, 1000, 1000, 1000, 1000, 1000, 1000, 1000, 1000, 1000, 1000, 1000, 1000, 1000, 1000, 1000, 1000, 1000, 1000, 1000, 1000,
	1000, 1000, 1000, 1000, 1000, 1000, 1000, 1000, 1000, 1000, 1000, 1000, 1000, 1000, 1000, 1000, 1000, 1000, 1000, 1000, 1000, 1000, 1000, 1000, 1000, 1000, 1000, 1000, 1000, 1000, 1000, 1000, 1000, 1000, 1000, 1000,
	1000, 1000, 1000, 1000, 1000, 1000, 1000, 1000, 1000, 1000, 1000, 1000, 1000, 1000, 1000, 1000, 1000, 1000, 1000, 1000, 1000, 1000, 1000, 1000, 1000, 1000, 1000, 1000, 1000, 1000, 1000, 1000, 1000, 1000, 1000, 1000,
	1000, 1000, 1000, 1000, 1000, 1000, 1000, 1000, 1000, 1000, 1000, 1000, 1000, 1000, 1000, 1000, 1000, 1000, 1000, 1000, 1000, 1000, 1000, 1000, 1000, 1000, 1000, 1000, 1000, 1000, 1000, 1000, 1000, 1000, 1000, 1000,
	1000, 1000, 1000, 1000, 1000, 1000, 1000, 1000, 1000, 1000, 1000, 1000, 1000, 1000, 1000, 1000, 1000, 1000, 1000, 1000, 1000, 1000, 1000, 1000, 1000, 1000, 1000, 1000, 1000, 1000, 1000, 1000, 1000, 1000, 1000, 1000,
	1000, 1000, 1000, 1000, 1000, 1000, 1000, 1000, 1000, 1000, 1000, 1000, 1000, 1000, 1000, 1000, 1000, 1000, 1000, 1000, 1000, 1000, 1000, 1000, 1000, 1000, 1000, 1000, 1000, 1000, 1000, 1000, 1000, 1000, 1000, 1000,
	1000, 1000, 1000, 1000, 1000, 1000, 1000, 1000, 1000, 1000, 1000, 1000, 1000, 1000, 1000, 1000, 1000, 1000, 1000, 1000, 1000, 1000, 1000, 1000, 1000, 1000, 1000, 1000, 1000, 1000, 1000, 1000, 1000, 1000, 1000, 1000,
	1000, 1000, 1000, 1000, 1000, 1000, 1000, 1000, 1000, 1000, 1000, 1000, 1000, 1000, 1000, 1000, 1000, 1000, 1000, 1000, 1000, 1000, 1000, 1000, 1000, 1000, 1000, 1000, 1000, 1000, 1000, 1000, 1000, 1000, 1000, 1000,
	1000, 1000, 1000, 1000, 1000, 1000, 1000, 1000, 1000, 1000, 1000, 1000, 1000, 1000, 1000, 1000, 1000, 1000, 1000, 1000, 1000, 1000, 1000, 1000, 1000, 1000, 1000, 1000, 1000, 1000, 1000, 1000, 1000, 1000, 1000, 1000,
	1000, 1000, 1000, 1000, 1000, 1000, 1000, 1000, 1000, 1000, 1000, 1000, 1000, 1000, 1000, 1000, 1000, 1000, 1000, 1000, 1000, 1000, 1000, 1000, 1000, 1000, 1000, 1000, 1000, 1000, 1000, 1000, 1000, 1000, 1000, 1000,
	1000, 1000, 1000, 1000, 1000, 1000, 1000, 1000, 1000, 1000, 1000, 1000, 1000, 1000, 1000, 1000, 1000, 1000, 1000, 1000, 1000, 1000, 1000, 1000, 1000, 1000, 1000, 1000, 1000, 1000, 1000, 1000, 1000, 1000, 1000, 1000,
	1000, 1000, 1000, 1000, 1000, 1000, 1000, 1000, 1000, 1000, 1000, 1000, 1000, 1000, 1000, 1000, 1000, 1000, 1000, 1000, 1000, 1000, 1000, 1000, 1000, 1000, 1000, 1000, 1000, 1000, 1000, 1000, 1000, 1000, 1000, 1000,
	1000, 1000, 1000, 1000, 1000, 1000, 1000, 1000, 1000, 1000, 1000, 1000, 1000, 1000, 1000, 1000, 1000, 1000, 1000, 1000, 1000, 1000, 1000, 1000, 1000, 1000, 1000, 1000, 1000, 1000, 1000, 1000, 1000, 1000, 1000, 1000,
};

/* Limit for Jitter Test */
JITTER_UPPER = {
	250, 250, 250, 250, 250, 250, 250, 250, 250, 250, 250, 250, 250, 250, 250, 250, 250, 250, 250, 250, 250, 250, 250, 250, 250, 250, 250, 250, 250, 250, 250, 250, 250, 250, 250, 250,
	250, 250, 250, 250, 250, 250, 250, 250, 250, 250, 250, 250, 250, 250, 250, 250, 250, 250, 250, 250, 250, 250, 250, 250, 250, 250, 250, 250, 250, 250, 250, 250, 250, 250, 250, 250,
	250, 250, 250, 250, 250, 250, 250, 250, 250, 250, 250, 250, 250, 250, 250, 250, 250, 250, 250, 250, 250, 250, 250, 250, 250, 250, 250, 250, 250, 250, 250, 250, 250, 250, 250, 250,
	250, 250, 250, 250, 250, 250, 250, 250, 250, 250, 250, 250, 250, 250, 250, 250, 250, 250, 250, 250, 250, 250, 250, 250, 250, 250, 250, 250, 250, 250, 250, 250, 250, 250, 250, 250,
	250, 250, 250, 250, 250, 250, 250, 250, 250, 250, 250, 250, 250, 250, 250, 250, 250, 250, 250, 250, 250, 250, 250, 250, 250, 250, 250, 250, 250, 250, 250, 250, 250, 250, 250, 250,
	250, 250, 250, 250, 250, 250, 250, 250, 250, 250, 250, 250, 250, 250, 250, 250, 250, 250, 250, 250, 250, 250, 250, 250, 250, 250, 250, 250, 250, 250, 250, 250, 250, 250, 250, 250,
	250, 250, 250, 250, 250, 250, 250, 250, 250, 250, 250, 250, 250, 250, 250, 250, 250, 250, 250, 250, 250, 250, 250, 250, 250, 250, 250, 250, 250, 250, 250, 250, 250, 250, 250, 250,
	250, 250, 250, 250, 250, 250, 250, 250, 250, 250, 250, 250, 250, 250, 250, 250, 250, 250, 250, 250, 250, 250, 250, 250, 250, 250, 250, 250, 250, 250, 250, 250, 250, 250, 250, 250,
	250, 250, 250, 250, 250, 250, 250, 250, 250, 250, 250, 250, 250, 250, 250, 250, 250, 250, 250, 250, 250, 250, 250, 250, 250, 250, 250, 250, 250, 250, 250, 250, 250, 250, 250, 250,
	250, 250, 250, 250, 250, 250, 250, 250, 250, 250, 250, 250, 250, 250, 250, 250, 250, 250, 250, 250, 250, 250, 250, 250, 250, 250, 250, 250, 250, 250, 250, 250, 250, 250, 250, 250,
	250, 250, 250, 250, 250, 250, 250, 250, 250, 250, 250, 250, 250, 250, 250, 250, 250, 250, 250, 250, 250, 250, 250, 250, 250, 250, 250, 250, 250, 250, 250, 250, 250, 250, 250, 250,
	250, 250, 250, 250, 250, 250, 250, 250, 250, 250, 250, 250, 250, 250, 250, 250, 250, 250, 250, 250, 250, 250, 250, 250, 250, 250, 250, 250, 250, 250, 250, 250, 250, 250, 250, 250,
	250, 250, 250, 250, 250, 250, 250, 250, 250, 250, 250, 250, 250, 250, 250, 250, 250, 250, 250, 250, 250, 250, 250, 250, 250, 250, 250, 250, 250, 250, 250, 250, 250, 250, 250, 250,
	250, 250, 250, 250, 250, 250, 250, 250, 250, 250, 250, 250, 250, 250, 250, 250, 250, 250, 250, 250, 250, 250, 250, 250, 250, 250, 250, 250, 250, 250, 250, 250, 250, 250, 250, 250,
	250, 250, 250, 250, 250, 250, 250, 250, 250, 250, 250, 250, 250, 250, 250, 250, 250, 250, 250, 250, 250, 250, 250, 250, 250, 250, 250, 250, 250, 250, 250, 250, 250, 250, 250, 250,
	250, 250, 250, 250, 250, 250, 250, 250, 250, 250, 250, 250, 250, 250, 250, 250, 250, 250, 250, 250, 250, 250, 250, 250, 250, 250, 250, 250, 250, 250, 250, 250, 250, 250, 250, 250,
};

JITTER_LOWER = {
	-250, -250, -250, -250, -250, -250, -250, -250, -250, -250, -250, -250, -250, -250, -250, -250, -250, -250, -250, -250, -250, -250, -250, -250, -250, -250, -250, -250, -250, -250, -250, -250, -250, -250, -250, -250,
	-250, -250, -250, -250, -250, -250, -250, -250, -250, -250, -250, -250, -250, -250, -250, -250, -250, -250, -250, -250, -250, -250, -250, -250, -250, -250, -250, -250, -250, -250, -250, -250, -250, -250, -250, -250,
	-250, -250, -250, -250, -250, -250, -250, -250, -250, -250, -250, -250, -250, -250, -250, -250, -250, -250, -250, -250, -250, -250, -250, -250, -250, -250, -250, -250, -250, -250, -250, -250, -250, -250, -250, -250,
	-250, -250, -250, -250, -250, -250, -250, -250, -250, -250, -250, -250, -250, -250, -250, -250, -250, -250, -250, -250, -250, -250, -250, -250, -250, -250, -250, -250, -250, -250, -250, -250, -250, -250, -250, -250,
	-250, -250, -250, -250, -250, -250, -250, -250, -250, -250, -250, -250, -250, -250, -250, -250, -250, -250, -250, -250, -250, -250, -250, -250, -250, -250, -250, -250, -250, -250, -250, -250, -250, -250, -250, -250,
	-250, -250, -250, -250, -250, -250, -250, -250, -250, -250, -250, -250, -250, -250, -250, -250, -250, -250, -250, -250, -250, -250, -250, -250, -250, -250, -250, -250, -250, -250, -250, -250, -250, -250, -250, -250,
	-250, -250, -250, -250, -250, -250, -250, -250, -250, -250, -250, -250, -250, -250, -250, -250, -250, -250, -250, -250, -250, -250, -250, -250, -250, -250, -250, -250, -250, -250, -250, -250, -250, -250, -250, -250,
	-250, -250, -250, -250, -250, -250, -250, -250, -250, -250, -250, -250, -250, -250, -250, -250, -250, -250, -250, -250, -250, -250, -250, -250, -250, -250, -250, -250, -250, -250, -250, -250, -250, -250, -250, -250,
	-250, -250, -250, -250, -250, -250, -250, -250, -250, -250, -250, -250, -250, -250, -250, -250, -250, -250, -250, -250, -250, -250, -250, -250, -250, -250, -250, -250, -250, -250, -250, -250, -250, -250, -250, -250,
	-250, -250, -250, -250, -250, -250, -250, -250, -250, -250, -250, -250, -250, -250, -250, -250, -250, -250, -250, -250, -250, -250, -250, -250, -250, -250, -250, -250, -250, -250, -250, -250, -250, -250, -250, -250,
	-250, -250, -250, -250, -250, -250, -250, -250, -250, -250, -250, -250, -250, -250, -250, -250, -250, -250, -250, -250, -250, -250, -250, -250, -250, -250, -250, -250, -250, -250, -250, -250, -250, -250, -250, -250,
	-250, -250, -250, -250, -250, -250, -250, -250, -250, -250, -250, -250, -250, -250, -250, -250, -250, -250, -250, -250, -250, -250, -250, -250, -250, -250, -250, -250, -250, -250, -250, -250, -250, -250, -250, -250,
	-250, -250, -250, -250, -250, -250, -250, -250, -250, -250, -250, -250, -250, -250, -250, -250, -250, -250, -250, -250, -250, -250, -250, -250, -250, -250, -250, -250, -250, -250, -250, -250, -250, -250, -250, -250,
	-250, -250, -250, -250, -250, -250, -250, -250, -250, -250, -250, -250, -250, -250, -250, -250, -250, -250, -250, -250, -250, -250, -250, -250, -250, -250, -250, -250, -250, -250, -250, -250, -250, -250, -250, -250,
	-250, -250, -250, -250, -250, -250, -250, -250, -250, -250, -250, -250, -250, -250, -250, -250, -250, -250, -250, -250, -250, -250, -250, -250, -250, -250, -250, -250, -250, -250, -250, -250, -250, -250, -250, -250,
	-250, -250, -250, -250, -250, -250, -250, -250, -250, -250, -250, -250, -250, -250, -250, -250, -250, -250, -250, -250, -250, -250, -250, -250, -250, -250, -250, -250, -250, -250, -250, -250, -250, -250, -250, -250,
};

LPWG_JITTER_UPPER = {
	140, 140, 140, 140, 140, 140, 140, 140, 140, 140, 140, 140, 140, 140, 140, 140, 140, 140, 140, 140, 140, 140, 140, 140, 140, 140, 140, 140, 140, 140, 140, 140, 140, 140, 140, 140,
	140, 140, 140, 140, 140, 140, 140, 140, 140, 140, 140, 140, 140, 140, 140, 140, 140, 140, 140, 140, 140, 140, 140, 140, 140, 140, 140, 140, 140, 140, 140, 140, 140, 140, 140, 140,
	140, 140, 140, 140, 140, 140, 140, 140, 140, 140, 140, 140, 140, 140, 140, 140, 140, 140, 140, 140, 140, 140, 140, 140, 140, 140, 140, 140, 140, 140, 140, 140, 140, 140, 140, 140,
	140, 140, 140, 140, 140, 140, 140, 140, 140, 140, 140, 140, 140, 140, 140, 140, 140, 140, 140, 140, 140, 140, 140, 140, 140, 140, 140, 140, 140, 140, 140, 140, 140, 140, 140, 140,
	140, 140, 140, 140, 140, 140, 140, 140, 140, 140, 140, 140, 140, 140, 140, 140, 140, 140, 140, 140, 140, 140, 140, 140, 140, 140, 140, 140, 140, 140, 140, 140, 140, 140, 140, 140,
	140, 140, 140, 140, 140, 140, 140, 140, 140, 140, 140, 140, 140, 140, 140, 140, 140, 140, 140, 140, 140, 140, 140, 140, 140, 140, 140, 140, 140, 140, 140, 140, 140, 140, 140, 140,
	140, 140, 140, 140, 140, 140, 140, 140, 140, 140, 140, 140, 140, 140, 140, 140, 140, 140, 140, 140, 140, 140, 140, 140, 140, 140, 140, 140, 140, 140, 140, 140, 140, 140, 140, 140,
	140, 140, 140, 140, 140, 140, 140, 140, 140, 140, 140, 140, 140, 140, 140, 140, 140, 140, 140, 140, 140, 140, 140, 140, 140, 140, 140, 140, 140, 140, 140, 140, 140, 140, 140, 140,
	140, 140, 140, 140, 140, 140, 140, 140, 140, 140, 140, 140, 140, 140, 140, 140, 140, 140, 140, 140, 140, 140, 140, 140, 140, 140, 140, 140, 140, 140, 140, 140, 140, 140, 140, 140,
	140, 140, 140, 140, 140, 140, 140, 140, 140, 140, 140, 140, 140, 140, 140, 140, 140, 140, 140, 140, 140, 140, 140, 140, 140, 140, 140, 140, 140, 140, 140, 140, 140, 140, 140, 140,
	140, 140, 140, 140, 140, 140, 140, 140, 140, 140, 140, 140, 140, 140, 140, 140, 140, 140, 140, 140, 140, 140, 140, 140, 140, 140, 140, 140, 140, 140, 140, 140, 140, 140, 140, 140,
	140, 140, 140, 140, 140, 140, 140, 140, 140, 140, 140, 140, 140, 140, 140, 140, 140, 140, 140, 140, 140, 140, 140, 140, 140, 140, 140, 140, 140, 140, 140, 140, 140, 140, 140, 140,
	140, 140, 140, 140, 140, 140, 140, 140, 140, 140, 140, 140, 140, 140, 140, 140, 140, 140, 140, 140, 140, 140, 140, 140, 140, 140, 140, 140, 140, 140, 140, 140, 140, 140, 140, 140,
	140, 140, 140, 140, 140, 140, 140, 140, 140, 140, 140, 140, 140, 140, 140, 140, 140, 140, 140, 140, 140, 140, 140, 140, 140, 140, 140, 140, 140, 140, 140, 140, 140, 140, 140, 140,
	140, 140, 140, 140, 140, 140, 140, 140, 140, 140, 140, 140, 140, 140, 140, 140, 140, 140, 140, 140, 140, 140, 140, 140, 140, 140, 140, 140, 140, 140, 140, 140, 140, 140, 140, 140,
	140, 140, 140, 140, 140, 140, 140, 140, 140, 140, 140, 140, 140, 140, 140, 140, 140, 140, 140, 140, 140, 140, 140, 140, 140, 140, 140, 140, 140, 140, 140, 140, 140, 140, 140, 140,
};

LPWG_JITTER_LOWER = {
	-140, -140, -140, -140, -140, -140, -140, -140, -140, -140, -140, -140, -140, -140, -140, -140, -140, -140, -140, -140, -140, -140, -140, -140, -140, -140, -140, -140, -140, -140, -140, -140, -140, -140, -140, -140,
	-140, -140, -140, -140, -140, -140, -140, -140, -140, -140, -140, -140, -140, -140, -140, -140, -140, -140, -140, -140, -140, -140, -140, -140, -140, -140, -140, -140, -140, -140, -140, -140, -140, -140, -140, -140,
	-140, -140, -140, -140, -140, -140, -140, -140, -140, -140, -140, -140, -140, -140, -140, -140, -140, -140, -140, -140, -140, -140, -140, -140, -140, -140, -140, -140, -140, -140, -140, -140, -140, -140, -140, -140,
	-140, -140, -140, -140, -140, -140, -140, -140, -140, -140, -140, -140, -140, -140, -140, -140, -140, -140, -140, -140, -140, -140, -140, -140, -140, -140, -140, -140, -140, -140, -140, -140, -140, -140, -140, -140,
	-140, -140, -140, -140, -140, -140, -140, -140, -140, -140, -140, -140, -140, -140, -140, -140, -140, -140, -140, -140, -140, -140, -140, -140, -140, -140, -140, -140, -140, -140, -140, -140, -140, -140, -140, -140,
	-140, -140, -140, -140, -140, -140, -140, -140, -140, -140, -140, -140, -140, -140, -140, -140, -140, -140, -140, -140, -140, -140, -140, -140, -140, -140, -140, -140, -140, -140, -140, -140, -140, -140, -140, -140,
	-140, -140, -140, -140, -140, -140, -140, -140, -140, -140, -140, -140, -140, -140, -140, -140, -140, -140, -140, -140, -140, -140, -140, -140, -140, -140, -140, -140, -140, -140, -140, -140, -140, -140, -140, -140,
	-140, -140, -140, -140, -140, -140, -140, -140, -140, -140, -140, -140, -140, -140, -140, -140, -140, -140, -140, -140, -140, -140, -140, -140, -140, -140, -140, -140, -140, -140, -140, -140, -140, -140, -140, -140,
	-140, -140, -140, -140, -140, -140, -140, -140, -140, -140, -140, -140, -140, -140, -140, -140, -140, -140, -140, -140, -140, -140, -140, -140, -140, -140, -140, -140, -140, -140, -140, -140, -140, -140, -140, -140,
	-140, -140, -140, -140, -140, -140, -140, -140, -140, -140, -140, -140, -140, -140, -140, -140, -140, -140, -140, -140, -140, -140, -140, -140, -140, -140, -140, -140, -140, -140, -140, -140, -140, -140, -140, -140,
	-140, -140, -140, -140, -140, -140, -140, -140, -140, -140, -140, -140, -140, -140, -140, -140, -140, -140, -140, -140, -140, -140, -140, -140, -140, -140, -140, -140, -140, -140, -140, -140, -140, -140, -140, -140,
	-140, -140, -140, -140, -140, -140, -140, -140, -140, -140, -140, -140, -140, -140, -140, -140, -140, -140, -140, -140, -140, -140, -140, -140, -140, -140, -140, -140, -140, -140, -140, -140, -140, -140, -140, -140,
	-140, -140, -140, -140, -140, -140, -140, -140, -140, -140, -140, -140, -140, -140, -140, -140, -140, -140, -140, -140, -140, -140, -140, -140, -140, -140, -140, -140, -140, -140, -140, -140, -140, -140, -140, -140,
	-140, -140, -140, -140, -140, -140, -140, -140, -140, -140, -140, -140, -140, -140, -140, -140, -140, -140, -140, -140, -140, -140, -140, -140, -140, -140, -140, -140, -140, -140, -140, -140, -140, -140, -140, -140,
	-140, -140, -140, -140, -140, -140, -140, -140, -140, -140, -140, -140, -140, -140, -140, -140, -140, -140, -140, -140, -140, -140, -140, -140, -140, -140, -140, -140, -140, -140, -140, -140, -140, -140, -140, -140,
	-140, -140, -140, -140, -140, -140, -140, -140, -140, -140, -140, -140, -140, -140, -140, -140, -140, -140, -140, -140, -140, -140, -140, -140, -140, -140, -140, -140, -140, -140, -140, -140, -140, -140, -140, -140,
};
