max_limit_vale_id0 = {
	3539,4949,5027,4986,4984,4955,4967,4921,4920,4886,4877,4829,4874,4876,4629,4193,4187,4156,4226,4196,4244,4211,4202,4197,4232,4228,4223,4227,3420,
	4873,5008,4997,4989,4962,4955,4942,4924,4897,4884,4847,4828,4841,4847,4539,4496,4466,4460,4509,4507,4535,4518,4492,4507,4517,4533,4518,4531,4404, 
	4928,4928,4920,4908,4884,4872,4871,4845,4825,4808,4776,4755,4767,4776,4461,4491,4473,4456,4510,4509,4536,4526,4499,4512,4529,4546,4533,4540,4426, 
	4933,4902,4882,4884,4845,4858,4834,4820,4789,4783,4742,4728,4731,4755,4431,4521,4488,4483,4530,4534,4555,4553,4521,4539,4548,4570,4555,4577,4452, 
	5032,4943,4926,4924,4891,4900,4880,4865,4838,4830,4791,4772,4777,4795,4478,4629,4600,4590,4640,4642,4666,4652,4624,4644,4652,4672,4661,4674,4539, 
	4734,4829,4822,4822,4790,4791,4780,4765,4737,4728,4689,4670,4676,4695,4387,4588,4556,4546,4598,4601,4626,4616,4585,4600,4618,4640,4635,4643,4514, 
	3000,4764,4861,4794,4828,4768,4815,4730,4764,4696,4716,4642,4702,4664,4400,4600,4609,4562,4657,4613,4681,4634,4631,4616,4661,4648,4668,4655,4548, 
	3000,4568,4666,4596,4631,4577,4620,4542,4573,4510,4525,4462,4518,4486,4227,4481,4491,4451,4540,4503,4568,4525,4526,4509,4557,4553,4562,4561,4453, 
	4599,4573,4573,4572,4544,4547,4533,4516,4490,4481,4452,4439,4445,4471,4170,4517,4488,4481,4539,4538,4570,4559,4531,4548,4561,4590,4574,4591,4465, 
	4807,4547,4546,4539,4509,4518,4500,4492,4469,4456,4426,4412,4425,4444,4148,4542,4521,4508,4561,4557,4586,4570,4542,4560,4581,4601,4588,4598,4471, 
	4802,4517,4508,4509,4471,4473,4466,4456,4435,4423,4387,4377,4390,4414,4117,4562,4523,4518,4566,4569,4598,4585,4552,4572,4592,4613,4596,4607,4483, 
	4867,4544,4547,4533,4512,4505,4505,4486,4469,4455,4429,4409,4432,4449,4159,4673,4644,4627,4691,4681,4721,4699,4674,4683,4700,4717,4705,4707,4587, 
	4744,4481,4478,4469,4445,4449,4445,4429,4410,4401,4370,4358,4382,4401,4109,4696,4663,4648,4705,4704,4733,4718,4681,4694,4708,4729,4711,4712,4564, 
	3535,4146,4192,4143,4158,4122,4153,4102,4117,4075,4080,4037,4087,4078,3831,4689,4679,4639,4713,4687,4729,4690,4669,4651,4682,4677,4668,4647,4200, 
};
min_limit_vale_id0 = {
	1778,2487,2517,2483,2498,2466,2456,2425,2428,2414,2404,2369,2404,2393,2284,2053,2075,2062,2078,2062,2060,2046,2050,2054,2123,2124,2141,2139,1704, 
	2448,2536,2504,2497,2484,2473,2440,2423,2431,2410,2403,2386,2391,2393,2243,2221,2239,2232,2222,2214,2199,2193,2191,2204,2268,2277,2286,2294,2201, 
	2473,2489,2463,2450,2442,2426,2403,2379,2383,2372,2354,2342,2351,2355,2210,2226,2240,2232,2230,2218,2211,2200,2202,2214,2279,2288,2303,2307,2221, 
	2454,2442,2427,2412,2403,2393,2365,2356,2342,2341,2316,2298,2319,2321,2181,2225,2237,2238,2233,2232,2216,2211,2204,2221,2281,2295,2305,2317,2224, 
	2509,2468,2443,2437,2427,2418,2385,2376,2368,2363,2342,2322,2344,2346,2197,2288,2300,2296,2288,2287,2265,2264,2256,2274,2333,2349,2360,2371,2269, 
	2377,2430,2405,2399,2389,2373,2349,2334,2337,2326,2314,2298,2309,2309,2165,2281,2302,2293,2282,2277,2262,2254,2250,2263,2329,2340,2351,2364,2264, 
	500,2384,2408,2375,2391,2349,2348,2307,2338,2295,2329,2290,2307,2283,2159,2281,2317,2298,2305,2282,2284,2260,2268,2266,2347,2340,2370,2368,2278, 
	500,2300,2328,2297,2322,2281,2284,2245,2257,2233,2236,2196,2237,2219,2109,2261,2277,2256,2287,2270,2270,2244,2253,2253,2334,2329,2350,2345,2268, 
	2310,2290,2276,2276,2272,2267,2239,2234,2216,2222,2198,2190,2204,2213,2081,2286,2279,2277,2290,2287,2271,2266,2258,2274,2342,2351,2359,2370,2278, 
	2421,2276,2252,2255,2252,2245,2221,2213,2200,2206,2185,2175,2190,2199,2059,2300,2280,2277,2288,2290,2285,2284,2270,2289,2340,2353,2350,2364,2290, 
	2424,2249,2227,2226,2228,2223,2195,2190,2174,2185,2162,2153,2172,2180,2050,2308,2298,2297,2306,2308,2295,2291,2281,2295,2358,2372,2361,2377,2296, 
	2459,2277,2256,2257,2254,2248,2221,2216,2204,2214,2190,2181,2197,2206,2078,2387,2365,2360,2372,2375,2371,2363,2352,2368,2418,2433,2423,2431,2365, 
	2396,2241,2220,2218,2221,2212,2190,2182,2174,2178,2157,2148,2167,2174,2050,2402,2380,2375,2386,2388,2380,2371,2361,2374,2421,2438,2426,2438,2356, 
	1760,2083,2090,2069,2090,2060,2057,2032,2042,2031,2026,2002,2039,2028,1915,2381,2407,2392,2396,2384,2388,2368,2363,2361,2389,2386,2391,2380,1902, 
};
accord_limit_vale_id0 = {
	638, 452, 300, 300, 300, 300, 300, 300, 300, 300, 300, 300, 300, 300, 410, 430, 300, 300, 300, 300, 300, 300, 300, 300, 300, 300, 300, 345, 440, 
	450, 300, 300, 300, 300, 300, 300, 300, 300, 300, 300, 300, 300, 300, 300, 300, 300, 300, 300, 300, 300, 300, 300, 300, 300, 300, 300, 300, 365, 
	300, 300, 300, 300, 300, 300, 300, 300, 300, 300, 300, 300, 300, 300, 300, 300, 300, 300, 300, 300, 300, 300, 300, 300, 300, 300, 300, 300, 300, 
	300, 300, 300, 300, 300, 300, 300, 300, 300, 300, 300, 300, 300, 300, 300, 300, 300, 300, 300, 300, 300, 300, 300, 300, 300, 300, 300, 300, 300, 
	300, 300, 300, 300, 300, 300, 300, 300, 300, 300, 300, 300, 300, 300, 300, 300, 300, 300, 300, 300, 300, 300, 300, 300, 300, 300, 300, 300, 300, 
	660, 300, 300, 300, 300, 300, 300, 300, 300, 300, 300, 300, 300, 300, 300, 300, 300, 300, 300, 300, 300, 300, 300, 300, 300, 300, 300, 300, 300, 
	1433, 667, 300, 300, 300, 300, 300, 300, 300, 300, 300, 300, 300, 300, 300, 300, 300, 300, 300, 300, 300, 300, 300, 300, 300, 300, 300, 300, 300, 
	1433, 667, 300, 300, 300, 300, 300, 300, 300, 300, 300, 300, 300, 300, 300, 300, 300, 300, 300, 300, 300, 300, 300, 300, 300, 300, 300, 300, 300, 
	659, 300, 300, 300, 300, 300, 300, 300, 300, 300, 300, 300, 300, 300, 300, 300, 300, 300, 300, 300, 300, 300, 300, 300, 300, 300, 300, 300, 300, 
	300, 300, 300, 300, 300, 300, 300, 300, 300, 300, 300, 300, 300, 300, 300, 300, 300, 300, 300, 300, 300, 300, 300, 300, 300, 300, 300, 300, 300, 
	300, 300, 300, 300, 300, 300, 300, 300, 300, 300, 300, 300, 300, 300, 300, 300, 300, 300, 300, 300, 300, 300, 300, 300, 300, 300, 300, 300, 300, 
	300, 300, 300, 300, 300, 300, 300, 300, 300, 300, 300, 300, 300, 300, 300, 300, 300, 300, 300, 300, 300, 300, 300, 300, 300, 300, 300, 300, 300, 
	457, 300, 300, 300, 300, 300, 300, 300, 300, 300, 300, 300, 300, 300, 300, 321, 300, 300, 300, 300, 300, 300, 300, 300, 300, 300, 300, 300, 348, 
	642, 367, 300, 300, 300, 300, 300, 300, 300, 300, 300, 300, 300, 300, 401, 349, 300, 300, 300, 300, 300, 300, 300, 300, 300, 300, 300, 348, 435, 
};
jitter_limit_vale_id0 = {
	50, 50, 50, 50, 50, 50, 50, 50, 50, 50, 50, 50, 50, 50, 50, 50, 50, 50, 50, 50, 50, 50, 50, 50, 50, 50, 50, 50, 50,
	50, 50, 50, 50, 50, 50, 50, 50, 50, 50, 50, 50, 50, 50, 50, 50, 50, 50, 50, 50, 50, 50, 50, 50, 50, 50, 50, 50, 50,
	50, 50, 50, 50, 50, 50, 50, 50, 50, 50, 50, 50, 50, 50, 50, 50, 50, 50, 50, 50, 50, 50, 50, 50, 50, 50, 50, 50, 50,
	50, 50, 50, 50, 50, 50, 50, 50, 50, 50, 50, 50, 50, 50, 50, 50, 50, 50, 50, 50, 50, 50, 50, 50, 50, 50, 50, 50, 50,
	50, 50, 50, 50, 50, 50, 50, 50, 50, 50, 50, 50, 50, 50, 50, 50, 50, 50, 50, 50, 50, 50, 50, 50, 50, 50, 50, 50, 50,
	50, 50, 50, 50, 50, 50, 50, 50, 50, 50, 50, 50, 50, 50, 50, 50, 50, 50, 50, 50, 50, 50, 50, 50, 50, 50, 50, 50, 50,
	50, 50, 50, 50, 50, 50, 50, 50, 50, 50, 50, 50, 50, 50, 50, 50, 50, 50, 50, 50, 50, 50, 50, 50, 50, 50, 50, 50, 50,
	50, 50, 50, 50, 50, 50, 50, 50, 50, 50, 50, 50, 50, 50, 50, 50, 50, 50, 50, 50, 50, 50, 50, 50, 50, 50, 50, 50, 50,
	50, 50, 50, 50, 50, 50, 50, 50, 50, 50, 50, 50, 50, 50, 50, 50, 50, 50, 50, 50, 50, 50, 50, 50, 50, 50, 50, 50, 50,
	50, 50, 50, 50, 50, 50, 50, 50, 50, 50, 50, 50, 50, 50, 50, 50, 50, 50, 50, 50, 50, 50, 50, 50, 50, 50, 50, 50, 50,
	50, 50, 50, 50, 50, 50, 50, 50, 50, 50, 50, 50, 50, 50, 50, 50, 50, 50, 50, 50, 50, 50, 50, 50, 50, 50, 50, 50, 50,
	50, 50, 50, 50, 50, 50, 50, 50, 50, 50, 50, 50, 50, 50, 50, 50, 50, 50, 50, 50, 50, 50, 50, 50, 50, 50, 50, 50, 50,
	50, 50, 50, 50, 50, 50, 50, 50, 50, 50, 50, 50, 50, 50, 50, 50, 50, 50, 50, 50, 50, 50, 50, 50, 50, 50, 50, 50, 50,
	50, 50, 50, 50, 50, 50, 50, 50, 50, 50, 50, 50, 50, 50, 50, 50, 50, 50, 50, 50, 50, 50, 50, 50, 50, 50, 50, 50, 50,
};
