[PV5_4 Command]
Protocol=0506
Date=2020/02/12 20:51:33
Version=1.0.1
Timing_Info_Raw=03,A3,00,29,F1,30,01,7D,00,0A,0A,02,8A,00,FC,FF,00,00,01,90,00,00,01,90,02,EB,01,75,00,00,00,01,00,F8,02,34,0A,01,18,08,00,4A,00,00,9D,00
Timing_Info_Value=-8499970349494882063,241,48,1,32000,10,10,650,252,255,0,400,0,400,747,373,0,1,248,2,52,10,1,24,8,0,74,0,0,157
Noise Peak To Peak(With Panel)=0xF1,0x1D,0x00,0x00,0xFC,0xF0,0x1E,0xFF,0xFF,0xF0,0xFF,0xFF,0xFF,0x00,0xFF,0xFE
OPEN CAP1 DAC=0xF1,0x01,0x00,0x00,0xFC,0x00,0xFD,0xFF,0xD1,0x02,0x01,0x0E,0xFF,0xFF,0xFF,0x37
OPEN CAP1 Raw=0xF1,0x08,0x00,0x00,0xFC,0x00,0x7C,0xFF,0xD1,0x02,0x01,0x0E,0xFF,0xFF,0xFF,0xB1
Short Test=0xF1,0x04,0x00,0x00,0xEE,0x00,0x95,0xFF,0xFF,0xF2,0xFF,0xFF,0xF0,0xFF,0xFF,0xAC
Calibration Data(DAC)=0xF1,0x01,0x00,0x00,0xFC,0x00,0xFF,0xFF,0xFF,0xFF,0xFF,0xFF,0xFF,0xFF,0xFF,0x1B
Raw Data(No BK)=0xF1,0x05,0x00,0x00,0xFC,0x00,0x7E,0xFF,0xFF,0xF0,0x04,0x0C,0xFF,0xFF,0xFF,0x95
Noise Peak To Peak(With Panel) (LCM OFF)=0xF1,0x1D,0x00,0x00,0xFC,0xF0,0x1E,0xFF,0xFF,0xF0,0xFF,0xFF,0xFF,0x00,0xFF,0xFE
Peak To Peak_TD (LCM OFF)=0xF1,0x32,0x00,0xFF,0xFF,0xFF,0x1E,0xFF,0xFF,0xF0,0xFF,0xFF,0xFF,0x00,0xFF,0xD8
Raw Data(No BK) (LCM OFF)=0xF1,0x05,0x00,0x00,0xFC,0x00,0x7E,0xFF,0xFF,0xF0,0x04,0x0C,0xFF,0xFF,0xFF,0x95
Raw Data_TD (LCM OFF)=0xF1,0x33,0x00,0xFF,0xFF,0xFF,0xFF,0xFF,0xFF,0xFF,0xFF,0xFF,0xFF,0xFF,0xFF,0xE8
[Get MP Threshold]
Enable=0
[Program Customer Data]
Show=1
Style=0
[FW Upgrade]
Enable=1
Mode=0
Searching Folder Mode=0
[FW Ver. Check]
Enable=1
FW Check Sum=C5B47DC7
FW Start Add=000000
FW End Add=013FFB
Tuning Check Sum=09C11AB9
Tuning Start Add=01C000
Tuning End Add=01DCFB
[Noise Peak To Peak(With Panel)]
Enable=1
Retry Count=0
Frame Count=30
NL Test=0
SPEC Option=0
SPEC=0
Benchmark_TotalThreshold_Max=0
Benchmark_TotalThreshold_Min=0
Type Option=0
Max=120
Min=0
Trimmed Mean=0
Lowest Percentage=10
Highest Percentage=10
V_TDF=252
H_TDF=252
SRC=0
Skip_Frame=0
BG_Tracking=0
Row_Cook=0
Column_Cook=0
GoldenMode=0
[Noise Peak To Peak(With Panel)_Benchmark_Data]
0
[Open Test_C]
Enable=1
Retry Count=0
Frame Count=1
SPEC Option=1
SPEC=0x0
Benchmark_TotalThreshold_Max=0
Benchmark_TotalThreshold_Min=0
Type Option=1
Max=1000
Min=0
Trimmed Mean=0
Lowest Percentage=10
Highest Percentage=10
Cut Panel=0
V_CAP_DAC_TDF=252
V_CAP_RAW_TDF=252
H_CAP_DAC_TDF=252
H_CAP_RAW_TDF=252
Gain=2
TVCH=24
TVCL=22
GoldenMode=0
[Open Test_C_Benchmark_Data]
1,37,30,30;1,37,30,30;1,37,30,30;1,37,30,30;1,36,30,30;1,36,30,30;0,30,30,30;0,31,30,30;0,32,30,30;1,39,30,30;1,39,30,30;1,40,30,30;1,37,30,30;1,39,30,30;1,40,30,30
1,38,30,30;1,36,30,30;1,38,30,30;1,38,30,30;1,37,30,30;1,37,30,30;1,35,30,30;1,37,30,30;1,37,30,30;1,40,30,30;1,40,30,30;1,40,30,30;1,37,30,30;1,40,30,30;1,42,30,30
1,38,30,30;1,37,30,30;1,38,30,30;1,39,30,30;1,37,30,30;1,37,30,30;1,35,30,30;1,37,30,30;1,38,30,30;1,40,30,30;1,41,30,30;1,41,30,30;1,37,30,30;1,41,30,30;1,42,30,30
1,39,30,30;1,37,30,30;1,39,30,30;1,39,30,30;1,37,30,30;1,37,30,30;1,35,30,30;1,37,30,30;1,38,30,30;1,40,30,30;1,41,30,30;1,41,30,30;1,37,30,30;1,41,30,30;1,42,30,30
1,39,30,30;1,37,30,30;1,39,30,30;1,39,30,30;1,38,30,30;1,37,30,30;1,35,30,30;1,37,30,30;1,38,30,30;1,40,30,30;1,41,30,30;1,41,30,30;1,37,30,30;1,41,30,30;1,42,30,30
1,39,30,30;1,37,30,30;1,39,30,30;1,39,30,30;1,38,30,30;1,37,30,30;1,35,30,30;1,37,30,30;1,39,30,30;1,41,30,30;1,42,30,30;1,41,30,30;1,38,30,30;1,41,30,30;1,43,30,30
1,41,30,30;1,39,30,30;1,35,30,30;1,34,30,30;1,39,30,30;1,39,30,30;1,37,30,30;1,39,30,30;1,41,30,30;1,39,30,30;1,39,30,30;1,41,30,30;1,41,30,30;1,38,30,30;1,42,30,30
1,41,30,30;1,39,30,30;1,35,30,30;1,35,30,30;1,39,30,30;1,39,30,30;1,37,30,30;1,40,30,30;1,41,30,30;1,40,30,30;1,40,30,30;1,40,30,30;1,41,30,30;1,38,30,30;1,42,30,30
1,41,30,30;1,39,30,30;1,36,30,30;1,35,30,30;1,39,30,30;1,39,30,30;1,37,30,30;1,40,30,30;1,42,30,30;1,40,30,30;1,40,30,30;1,41,30,30;1,42,30,30;1,38,30,30;1,42,30,30
1,42,30,30;1,39,30,30;1,36,30,30;1,35,30,30;1,39,30,30;1,39,30,30;1,37,30,30;1,41,30,30;1,42,30,30;1,40,30,30;1,40,30,30;1,41,30,30;1,42,30,30;1,39,30,30;1,42,30,30
1,42,30,30;1,40,30,30;1,36,30,30;1,35,30,30;1,40,30,30;1,40,30,30;1,37,30,30;1,41,30,30;1,42,30,30;1,41,30,30;1,41,30,30;1,42,30,30;1,43,30,30;1,39,30,30;1,43,30,30
1,42,30,30;1,40,30,30;1,36,30,30;1,36,30,30;1,40,30,30;1,40,30,30;1,37,30,30;1,41,30,30;1,43,30,30;1,41,30,30;1,41,30,30;1,43,30,30;1,43,30,30;1,39,30,30;1,43,30,30
1,42,30,30;1,40,30,30;1,36,30,30;1,36,30,30;1,40,30,30;1,40,30,30;1,38,30,30;1,42,30,30;1,43,30,30;1,41,30,30;1,42,30,30;1,43,30,30;1,44,30,30;1,40,30,30;1,43,30,30
1,42,30,30;1,40,30,30;1,37,30,30;1,36,30,30;1,41,30,30;1,40,30,30;1,38,30,30;1,42,30,30;1,44,30,30;1,42,30,30;1,42,30,30;1,43,30,30;1,44,30,30;1,40,30,30;1,44,30,30
1,42,30,30;1,41,30,30;1,37,30,30;1,42,30,30;1,41,30,30;1,40,30,30;1,38,30,30;1,42,30,30;1,41,30,30;1,42,30,30;1,42,30,30;1,44,30,30;1,44,30,30;1,43,30,30;1,44,30,30
1,43,30,30;1,41,30,30;1,37,30,30;1,43,30,30;1,41,30,30;1,41,30,30;1,39,30,30;1,43,30,30;1,41,30,30;1,42,30,30;1,43,30,30;1,44,30,30;1,44,30,30;1,44,30,30;1,45,30,30
1,43,30,30;1,41,30,30;1,37,30,30;1,43,30,30;1,42,30,30;1,41,30,30;1,39,30,30;1,43,30,30;1,42,30,30;1,43,30,30;1,43,30,30;1,45,30,30;1,44,30,30;1,44,30,30;1,45,30,30
1,43,30,30;1,42,30,30;1,38,30,30;1,43,30,30;1,42,30,30;1,42,30,30;1,40,30,30;1,43,30,30;1,41,30,30;1,44,30,30;1,44,30,30;1,45,30,30;1,45,30,30;1,44,30,30;1,46,30,30
1,44,30,30;1,42,30,30;1,38,30,30;1,43,30,30;1,43,30,30;1,42,30,30;1,40,30,30;1,44,30,30;1,42,30,30;1,44,30,30;1,45,30,30;1,46,30,30;1,45,30,30;1,44,30,30;1,46,30,30
1,44,30,30;1,42,30,30;1,39,30,30;1,44,30,30;1,43,30,30;1,42,30,30;1,40,30,30;1,44,30,30;1,43,30,30;1,44,30,30;1,45,30,30;1,47,30,30;1,46,30,30;1,45,30,30;1,47,30,30
1,44,30,30;1,43,30,30;1,39,30,30;1,44,30,30;1,43,30,30;1,42,30,30;1,41,30,30;1,44,30,30;1,43,30,30;1,45,30,30;1,46,30,30;1,47,30,30;1,46,30,30;1,45,30,30;1,47,30,30
1,45,30,30;1,43,30,30;1,39,30,30;1,45,30,30;1,43,30,30;1,43,30,30;1,41,30,30;1,45,30,30;1,44,30,30;1,45,30,30;1,46,30,30;1,48,30,30;1,47,30,30;1,46,30,30;1,48,30,30
1,45,30,30;1,43,30,30;1,40,30,30;1,45,30,30;1,44,30,30;1,43,30,30;1,41,30,30;1,46,30,30;1,44,30,30;1,46,30,30;1,47,30,30;1,48,30,30;1,48,30,30;1,47,30,30;1,48,30,30
1,45,30,30;1,42,30,30;1,46,30,30;1,45,30,30;1,43,30,30;1,42,30,30;1,45,30,30;1,43,30,30;1,46,30,30;1,47,30,30;1,48,30,30;1,43,30,30;1,44,30,30;1,48,30,30;1,50,30,30
1,45,30,30;1,43,30,30;1,46,30,30;1,45,30,30;1,43,30,30;1,43,30,30;1,46,30,30;1,44,30,30;1,46,30,30;1,48,30,30;1,48,30,30;1,44,30,30;1,45,30,30;1,49,30,30;1,51,30,30
1,45,30,30;1,43,30,30;1,46,30,30;1,45,30,30;1,44,30,30;1,43,30,30;1,46,30,30;1,44,30,30;1,47,30,30;1,49,30,30;1,49,30,30;1,44,30,30;1,45,30,30;1,50,30,30;1,51,30,30
1,46,30,30;1,43,30,30;1,46,30,30;1,45,30,30;1,44,30,30;1,44,30,30;1,47,30,30;1,44,30,30;1,47,30,30;1,49,30,30;1,49,30,30;1,45,30,30;1,46,30,30;1,50,30,30;1,52,30,30
1,47,30,30;1,44,30,30;1,47,30,30;1,46,30,30;1,45,30,30;1,44,30,30;1,47,30,30;1,45,30,30;1,48,30,30;1,50,30,30;1,50,30,30;1,45,30,30;1,46,30,30;1,51,30,30;1,52,30,30
1,48,30,30;1,46,30,30;1,48,30,30;1,48,30,30;1,46,30,30;1,46,30,30;1,44,30,30;1,46,30,30;1,48,30,30;1,50,30,30;1,51,30,30;1,51,30,30;1,46,30,30;1,51,30,30;1,52,30,30
1,48,30,30;1,47,30,30;1,49,30,30;1,48,30,30;1,47,30,30;1,46,30,30;1,44,30,30;1,47,30,30;1,49,30,30;1,51,30,30;1,52,30,30;1,52,30,30;1,47,30,30;1,51,30,30;1,53,30,30
1,49,30,30;1,47,30,30;1,49,30,30;1,49,30,30;1,47,30,30;1,46,30,30;1,45,30,30;1,47,30,30;1,49,30,30;1,51,30,30;1,52,30,30;1,53,30,30;1,48,30,30;1,52,30,30;1,54,30,30
1,49,30,30;1,47,30,30;1,50,30,30;1,49,30,30;1,48,30,30;1,47,30,30;1,51,30,30;1,48,30,30;1,50,30,30;1,52,30,30;1,53,30,30;1,48,30,30;1,48,30,30;1,53,30,30;1,55,30,30
1,49,30,30;1,47,30,30;1,51,30,30;1,50,30,30;1,48,30,30;1,47,30,30;1,51,30,30;1,48,30,30;1,51,30,30;1,53,30,30;1,53,30,30;1,49,30,30;1,49,30,30;1,54,30,30;1,55,30,30
1,49,30,30;1,47,30,30;1,52,30,30;1,51,30,30;1,49,30,30;1,48,30,30;1,52,30,30;1,49,30,30;1,52,30,30;1,54,30,30;1,54,30,30;1,49,30,30;1,50,30,30;1,55,30,30;1,56,30,30
[Short Test]
Enable=1
Retry Count=0
Frame Count=1
SPEC Option=0
SPEC=0
Benchmark_TotalThreshold_Max=0
Benchmark_TotalThreshold_Min=0
Type Option=0
Min=1000
Trimmed Mean=0
Lowest Percentage=10
Highest Percentage=10
V_TDF_1=3.19
V_TDF_2=2
H_TDF_1=2.19
H_TDF_2=1
SRC=2
Output Raw Data=1
VCOM=4
Cut Panel=0
GoldenMode=0
[Short Test_Benchmark_Data]
0
[Calibration Data(DAC)]
Enable=1
Retry Count=0
Frame Count=1
SPEC Option=0
SPEC=0
Benchmark_TotalThreshold_Max=0
Benchmark_TotalThreshold_Min=0
Type Option=0
Max=31
Min=0
Trimmed Mean=0
Lowest Percentage=10
Highest Percentage=10
V_TDF=252
H_TDF=252
Cut Panel=0
GoldenMode=0
[Calibration Data(DAC)_Benchmark_Data]
0
[Raw Data(No BK)]
Enable=1
Retry Count=0
Frame Count=1
SPEC Option=1
SPEC=0
Benchmark_TotalThreshold_Max=0
Benchmark_TotalThreshold_Min=0
Type Option=1
Max=10000
Min=0
Trimmed Mean=0
Lowest Percentage=10
Highest Percentage=10
V_TDF=252
H_TDF=252
Cut Panel=0
GoldenMode=0
[Raw Data(No BK)_Benchmark_Data]
1,1722,30,25;1,1823,30,25;1,1668,30,25;1,1593,30,25;1,1673,30,25;1,1645,30,25;0,2460,30,25;0,2641,30,25;0,1880,30,25;1,1678,30,25;1,1982,30,25;1,1487,30,25;1,1731,30,25;1,1376,30,25;1,1763,30,25
1,1689,30,25;1,1226,30,25;1,1714,30,25;1,1775,30,25;1,2000,30,25;1,1682,30,25;1,1223,30,25;1,1908,30,25;1,1556,30,25;1,2116,30,25;1,2092,30,25;1,1569,30,25;1,1636,30,25;1,1558,30,25;1,2163,30,25
1,1745,30,25;1,1449,30,25;1,1457,30,25;1,1774,30,25;1,2062,30,25;1,1723,30,25;1,1392,30,25;1,1618,30,25;1,1650,30,25;1,1644,30,25;1,2151,30,25;1,1612,30,25;1,1746,30,25;1,1677,30,25;1,1681,30,25
1,1758,30,25;1,1608,30,25;1,1415,30,25;1,1883,30,25;1,1727,30,25;1,1746,30,25;1,1576,30,25;1,1582,30,25;1,1633,30,25;1,2097,30,25;1,2094,30,25;1,1572,30,25;1,1437,30,25;1,1636,30,25;1,2130,30,25
1,1808,30,25;1,1273,30,25;1,1459,30,25;1,2019,30,25;1,1827,30,25;1,1767,30,25;1,1242,30,25;1,1612,30,25;1,1670,30,25;1,2071,30,25;1,2435,30,25;1,1613,30,25;1,1123,30,25;1,1699,30,25;1,2128,30,25
1,1768,30,25;1,1577,30,25;1,1406,30,25;1,1659,30,25;1,1846,30,25;1,1748,30,25;1,1539,30,25;1,1567,30,25;1,1648,30,25;1,1998,30,25;1,2377,30,25;1,1581,30,25;1,1469,30,25;1,1655,30,25;1,2013,30,25
1,1885,30,25;1,1935,30,25;1,1409,30,25;1,983,30,25;1,1945,30,25;1,1880,30,25;1,1882,30,25;1,2101,30,25;1,1320,30,25;1,1955,30,25;1,1718,30,25;1,2046,30,25;1,1857,30,25;1,1227,30,25;1,1997,30,25
1,1852,30,25;1,1934,30,25;1,1442,30,25;1,1151,30,25;1,1648,30,25;1,1814,30,25;1,1854,30,25;1,2127,30,25;1,1309,30,25;1,1999,30,25;1,1796,30,25;1,1516,30,25;1,1895,30,25;1,1247,30,25;1,2078,30,25
1,2016,30,25;1,1628,30,25;1,1503,30,25;1,1374,30,25;1,1675,30,25;1,2006,30,25;1,1602,30,25;1,2131,30,25;1,1332,30,25;1,1755,30,25;1,1818,30,25;1,2037,30,25;1,1880,30,25;1,1233,30,25;1,1799,30,25
1,2122,30,25;1,1703,30,25;1,1497,30,25;1,994,30,25;1,1681,30,25;1,2064,30,25;1,1643,30,25;1,2404,30,25;1,1311,30,25;1,1389,30,25;1,1820,30,25;1,1975,30,25;1,2181,30,25;1,1245,30,25;1,1437,30,25
1,1794,30,25;1,1761,30,25;1,1502,30,25;1,1338,30,25;1,1663,30,25;1,1783,30,25;1,1714,30,25;1,2424,30,25;1,1338,30,25;1,1798,30,25;1,1833,30,25;1,1929,30,25;1,2187,30,25;1,1237,30,25;1,1840,30,25
1,1796,30,25;1,1280,30,25;1,1469,30,25;1,1559,30,25;1,1664,30,25;1,1744,30,25;1,1241,30,25;1,2206,30,25;1,1321,30,25;1,1549,30,25;1,1779,30,25;1,2223,30,25;1,1976,30,25;1,1246,30,25;1,1610,30,25
1,1793,30,25;1,1734,30,25;1,1413,30,25;1,1552,30,25;1,1662,30,25;1,1776,30,25;1,1683,30,25;1,2263,30,25;1,1636,30,25;1,1418,30,25;1,1772,30,25;1,2238,30,25;1,2021,30,25;1,1530,30,25;1,1425,30,25
1,1799,30,25;1,1462,30,25;1,1137,30,25;1,1447,30,25;1,1662,30,25;1,1742,30,25;1,1408,30,25;1,2192,30,25;1,1624,30,25;1,1876,30,25;1,1834,30,25;1,1968,30,25;1,1953,30,25;1,1537,30,25;1,1944,30,25
1,1793,30,25;1,1677,30,25;1,1601,30,25;1,1916,30,25;1,1783,30,25;1,1780,30,25;1,1656,30,25;1,1727,30,25;1,1734,30,25;1,1471,30,25;1,1830,30,25;1,1994,30,25;1,1449,30,25;1,1768,30,25;1,1478,30,25
1,2079,30,25;1,1599,30,25;1,1102,30,25;1,1873,30,25;1,1888,30,25;1,2007,30,25;1,1559,30,25;1,1724,30,25;1,1773,30,25;1,1710,30,25;1,2148,30,25;1,2015,30,25;1,1447,30,25;1,1823,30,25;1,1755,30,25
1,2080,30,25;1,1618,30,25;1,1270,30,25;1,1593,30,25;1,1855,30,25;1,2044,30,25;1,1608,30,25;1,1740,30,25;1,1876,30,25;1,1810,30,25;1,1673,30,25;1,2051,30,25;1,1454,30,25;1,1899,30,25;1,1829,30,25
1,1782,30,25;1,1667,30,25;1,1467,30,25;1,1591,30,25;1,2007,30,25;1,1737,30,25;1,1627,30,25;1,1718,30,25;1,1573,30,25;1,1789,30,25;1,2134,30,25;1,2019,30,25;1,1437,30,25;1,1633,30,25;1,1833,30,25
1,1855,30,25;1,1674,30,25;1,1113,30,25;1,1613,30,25;1,2116,30,25;1,1832,30,25;1,1660,30,25;1,1752,30,25;1,1283,30,25;1,1838,30,25;1,2110,30,25;1,2345,30,25;1,1464,30,25;1,1278,30,25;1,1856,30,25
1,1930,30,25;1,1680,30,25;1,1448,30,25;1,1590,30,25;1,1806,30,25;1,1858,30,25;1,1641,30,25;1,1739,30,25;1,1627,30,25;1,1817,30,25;1,2045,30,25;1,2329,30,25;1,1457,30,25;1,1685,30,25;1,1856,30,25
1,1451,30,25;1,1671,30,25;1,1707,30,25;1,1610,30,25;1,1813,30,25;1,1443,30,25;1,1658,30,25;1,1786,30,25;1,1447,30,25;1,1812,30,25;1,2373,30,25;1,2165,30,25;1,1485,30,25;1,1474,30,25;1,1819,30,25
1,1925,30,25;1,1615,30,25;1,1679,30,25;1,1601,30,25;1,1813,30,25;1,1847,30,25;1,1580,30,25;1,2051,30,25;1,1285,30,25;1,1785,30,25;1,2366,30,25;1,2186,30,25;1,1768,30,25;1,1309,30,25;1,1819,30,25
1,1661,30,25;1,1355,30,25;1,1622,30,25;1,1627,30,25;1,1833,30,25;1,1635,30,25;1,1358,30,25;1,2108,30,25;1,1794,30,25;1,1885,30,25;1,2150,30,25;1,2162,30,25;1,1815,30,25;1,1822,30,25;1,1892,30,25
1,1876,30,25;1,1286,30,25;1,1806,30,25;1,1697,30,25;1,1848,30,25;1,1776,30,25;1,1376,30,25;1,1972,30,25;1,1991,30,25;1,2157,30,25;1,1771,30,25;1,1356,30,25;1,1509,30,25;1,2063,30,25;1,2203,30,25
1,1486,30,25;1,1305,30,25;1,1942,30,25;1,1786,30,25;1,1878,30,25;1,1459,30,25;1,1429,30,25;1,2108,30,25;1,1992,30,25;1,2506,30,25;1,1796,30,25;1,1050,30,25;1,1551,30,25;1,2032,30,25;1,2522,30,25
1,1869,30,25;1,1295,30,25;1,1614,30,25;1,1842,30,25;1,1879,30,25;1,1765,30,25;1,1386,30,25;1,1782,30,25;1,1927,30,25;1,2479,30,25;1,1801,30,25;1,1418,30,25;1,1550,30,25;1,1979,30,25;1,2527,30,25
1,2130,30,25;1,1311,30,25;1,1627,30,25;1,1368,30,25;1,1879,30,25;1,2069,30,25;1,1439,30,25;1,1813,30,25;1,2245,30,25;1,2337,30,25;1,1835,30,25;1,1225,30,25;1,1529,30,25;1,2311,30,25;1,2335,30,25
1,2118,30,25;1,1296,30,25;1,1613,30,25;1,1831,30,25;1,1809,30,25;1,2026,30,25;1,1392,30,25;1,1780,30,25;1,2239,30,25;1,2340,30,25;1,2094,30,25;1,1040,30,25;1,1490,30,25;1,2328,30,25;1,2368,30,25
1,1965,30,25;1,2008,30,25;1,1590,30,25;1,1843,30,25;1,1576,30,25;1,1922,30,25;1,1969,30,25;1,1763,30,25;1,1785,30,25;1,2484,30,25;1,2407,30,25;1,1785,30,25;1,1400,30,25;1,1793,30,25;1,2531,30,25
1,1872,30,25;1,1944,30,25;1,1560,30,25;1,1821,30,25;1,1996,30,25;1,1855,30,25;1,1930,30,25;1,1750,30,25;1,1762,30,25;1,2487,30,25;1,2405,30,25;1,2062,30,25;1,1204,30,25;1,1748,30,25;1,2498,30,25
1,1665,30,25;1,1940,30,25;1,1635,30,25;1,1891,30,25;1,1797,30,25;1,1635,30,25;1,1883,30,25;1,1807,30,25;1,1890,30,25;1,2290,30,25;1,2442,30,25;1,2158,30,25;1,1773,30,25;1,1897,30,25;1,2303,30,25
1,2124,30,25;1,1729,30,25;1,1745,30,25;1,1881,30,25;1,2018,30,25;1,2085,30,25;1,1910,30,25;1,1936,30,25;1,1869,30,25;1,2317,30,25;1,1921,30,25;1,1638,30,25;1,1289,30,25;1,1873,30,25;1,2309,30,25
1,1714,30,25;1,1789,30,25;1,1927,30,25;1,2222,30,25;1,1990,30,25;1,1626,30,25;1,1935,30,25;1,2097,30,25;1,2258,30,25;1,2391,30,25;1,1996,30,25;1,1775,30,25;1,1632,30,25;1,2305,30,25;1,2486,30,25
1,1932,30,25;1,1423,30,25;1,1849,30,25;1,2191,30,25;1,1995,30,25;1,1778,30,25;1,1622,30,25;1,2052,30,25;1,1747,30,25;1,2416,30,25;1,1971,30,25;1,1818,30,25;1,1664,30,25;1,1738,30,25;1,2578,30,25
[Noise Peak To Peak(With Panel) (LCM OFF)]
Enable=1
Retry Count=0
Frame Count=30
NL Test=0
SPEC Option=0
SPEC=0
Benchmark_TotalThreshold_Max=0
Benchmark_TotalThreshold_Min=0
Type Option=0
Max=120
Min=0
Trimmed Mean=0
Lowest Percentage=10
Highest Percentage=10
V_TDF=252
H_TDF=252
SRC=0
Skip_Frame=0
BG_Tracking=0
Row_Cook=0
Column_Cook=0
GoldenMode=0
[Noise Peak To Peak(With Panel) (LCM OFF)_Benchmark_Data]
0
[Peak To Peak_TD (LCM OFF)]
Enable=1
Retry Count=0
Frame Count=30
NL Test=0
SPEC Option=0
SPEC=0x0
Benchmark_TotalThreshold_Max=0
Benchmark_TotalThreshold_Min=0
Type Option=0
Max=120
Min=0
Trimmed Mean=0
Lowest Percentage=10
Highest Percentage=10
SRC=0
Skip_Frame=0
Cut Panel=0
GoldenMode=0
[Peak To Peak_TD (LCM OFF)_Benchmark_Data]
[Raw Data(No BK) (LCM OFF)]
Enable=1
Retry Count=0
Frame Count=1
SPEC Option=1
SPEC=0
Benchmark_TotalThreshold_Max=0
Benchmark_TotalThreshold_Min=0
Type Option=1
Max=10000
Min=0
Trimmed Mean=0
Lowest Percentage=10
Highest Percentage=10
V_TDF=252
H_TDF=252
Cut Panel=0
GoldenMode=0
[Raw Data(No BK) (LCM OFF)_Benchmark_Data]
1,1723,30,25;1,1827,30,25;1,1673,30,25;1,1596,30,25;1,1676,30,25;1,1649,30,25;0,2457,30,25;0,2636,30,25;0,1877,30,25;1,1683,30,25;1,1985,30,25;1,1490,30,25;1,1736,30,25;1,1378,30,25;1,1760,30,25
1,1688,30,25;1,1229,30,25;1,1718,30,25;1,1779,30,25;1,2004,30,25;1,1686,30,25;1,1227,30,25;1,1913,30,25;1,1561,30,25;1,2120,30,25;1,2096,30,25;1,1572,30,25;1,1642,30,25;1,1559,30,25;1,2160,30,25
1,1743,30,25;1,1452,30,25;1,1461,30,25;1,1777,30,25;1,2066,30,25;1,1726,30,25;1,1397,30,25;1,1622,30,25;1,1656,30,25;1,1649,30,25;1,2156,30,25;1,1616,30,25;1,1753,30,25;1,1679,30,25;1,1677,30,25
1,1756,30,25;1,1612,30,25;1,1419,30,25;1,1888,30,25;1,1730,30,25;1,1750,30,25;1,1582,30,25;1,1585,30,25;1,1639,30,25;1,2103,30,25;1,2099,30,25;1,1576,30,25;1,1442,30,25;1,1638,30,25;1,2127,30,25
1,1807,30,25;1,1274,30,25;1,1464,30,25;1,2023,30,25;1,1831,30,25;1,1772,30,25;1,1247,30,25;1,1616,30,25;1,1676,30,25;1,2076,30,25;1,2439,30,25;1,1617,30,25;1,1127,30,25;1,1701,30,25;1,2125,30,25
1,1767,30,25;1,1580,30,25;1,1409,30,25;1,1663,30,25;1,1850,30,25;1,1753,30,25;1,1545,30,25;1,1572,30,25;1,1653,30,25;1,2002,30,25;1,2382,30,25;1,1583,30,25;1,1475,30,25;1,1656,30,25;1,2010,30,25
1,1883,30,25;1,1939,30,25;1,1415,30,25;1,988,30,25;1,1949,30,25;1,1884,30,25;1,1888,30,25;1,2107,30,25;1,1327,30,25;1,1961,30,25;1,1722,30,25;1,2052,30,25;1,1861,30,25;1,1237,30,25;1,1994,30,25
1,1850,30,25;1,1938,30,25;1,1448,30,25;1,1156,30,25;1,1651,30,25;1,1819,30,25;1,1860,30,25;1,2132,30,25;1,1317,30,25;1,2003,30,25;1,1800,30,25;1,1520,30,25;1,1900,30,25;1,1257,30,25;1,2075,30,25
1,2016,30,25;1,1632,30,25;1,1509,30,25;1,1380,30,25;1,1679,30,25;1,2011,30,25;1,1608,30,25;1,2137,30,25;1,1338,30,25;1,1761,30,25;1,1821,30,25;1,2042,30,25;1,1886,30,25;1,1243,30,25;1,1794,30,25
1,2121,30,25;1,1707,30,25;1,1503,30,25;1,1000,30,25;1,1684,30,25;1,2070,30,25;1,1649,30,25;1,2411,30,25;1,1317,30,25;1,1394,30,25;1,1824,30,25;1,1980,30,25;1,2188,30,25;1,1255,30,25;1,1432,30,25
1,1792,30,25;1,1765,30,25;1,1509,30,25;1,1346,30,25;1,1666,30,25;1,1789,30,25;1,1720,30,25;1,2431,30,25;1,1344,30,25;1,1802,30,25;1,1837,30,25;1,1933,30,25;1,2194,30,25;1,1246,30,25;1,1837,30,25
1,1795,30,25;1,1283,30,25;1,1476,30,25;1,1566,30,25;1,1668,30,25;1,1750,30,25;1,1246,30,25;1,2214,30,25;1,1328,30,25;1,1554,30,25;1,1784,30,25;1,2229,30,25;1,1983,30,25;1,1256,30,25;1,1605,30,25
1,1791,30,25;1,1739,30,25;1,1420,30,25;1,1559,30,25;1,1666,30,25;1,1781,30,25;1,1690,30,25;1,2271,30,25;1,1644,30,25;1,1422,30,25;1,1776,30,25;1,2243,30,25;1,2027,30,25;1,1541,30,25;1,1421,30,25
1,1797,30,25;1,1465,30,25;1,1143,30,25;1,1455,30,25;1,1666,30,25;1,1748,30,25;1,1415,30,25;1,2198,30,25;1,1632,30,25;1,1882,30,25;1,1838,30,25;1,1973,30,25;1,1959,30,25;1,1548,30,25;1,1940,30,25
1,1792,30,25;1,1681,30,25;1,1608,30,25;1,1921,30,25;1,1786,30,25;1,1785,30,25;1,1662,30,25;1,1732,30,25;1,1740,30,25;1,1476,30,25;1,1834,30,25;1,2000,30,25;1,1454,30,25;1,1771,30,25;1,1473,30,25
1,2078,30,25;1,1603,30,25;1,1107,30,25;1,1878,30,25;1,1893,30,25;1,2013,30,25;1,1565,30,25;1,1730,30,25;1,1780,30,25;1,1715,30,25;1,2153,30,25;1,2021,30,25;1,1453,30,25;1,1828,30,25;1,1751,30,25
1,2081,30,25;1,1623,30,25;1,1277,30,25;1,1598,30,25;1,1859,30,25;1,2051,30,25;1,1614,30,25;1,1746,30,25;1,1884,30,25;1,1817,30,25;1,1676,30,25;1,2057,30,25;1,1460,30,25;1,1903,30,25;1,1826,30,25
1,1781,30,25;1,1672,30,25;1,1475,30,25;1,1596,30,25;1,2012,30,25;1,1743,30,25;1,1635,30,25;1,1723,30,25;1,1581,30,25;1,1795,30,25;1,2140,30,25;1,2025,30,25;1,1443,30,25;1,1637,30,25;1,1829,30,25
1,1855,30,25;1,1680,30,25;1,1120,30,25;1,1618,30,25;1,2123,30,25;1,1838,30,25;1,1667,30,25;1,1757,30,25;1,1289,30,25;1,1845,30,25;1,2117,30,25;1,2351,30,25;1,1470,30,25;1,1281,30,25;1,1853,30,25
1,1930,30,25;1,1684,30,25;1,1455,30,25;1,1595,30,25;1,1811,30,25;1,1864,30,25;1,1650,30,25;1,1746,30,25;1,1635,30,25;1,1824,30,25;1,2051,30,25;1,2335,30,25;1,1464,30,25;1,1688,30,25;1,1853,30,25
1,1450,30,25;1,1676,30,25;1,1715,30,25;1,1615,30,25;1,1818,30,25;1,1448,30,25;1,1666,30,25;1,1792,30,25;1,1455,30,25;1,1819,30,25;1,2379,30,25;1,2172,30,25;1,1491,30,25;1,1477,30,25;1,1816,30,25
1,1925,30,25;1,1621,30,25;1,1688,30,25;1,1607,30,25;1,1819,30,25;1,1853,30,25;1,1588,30,25;1,2059,30,25;1,1292,30,25;1,1790,30,25;1,2373,30,25;1,2193,30,25;1,1774,30,25;1,1312,30,25;1,1814,30,25
1,1660,30,25;1,1359,30,25;1,1631,30,25;1,1634,30,25;1,1839,30,25;1,1641,30,25;1,1365,30,25;1,2116,30,25;1,1802,30,25;1,1892,30,25;1,2155,30,25;1,2169,30,25;1,1823,30,25;1,1825,30,25;1,1889,30,25
1,1878,30,25;1,1301,30,25;1,1815,30,25;1,1703,30,25;1,1853,30,25;1,1783,30,25;1,1385,30,25;1,1981,30,25;1,2000,30,25;1,2164,30,25;1,1776,30,25;1,1365,30,25;1,1518,30,25;1,2068,30,25;1,2201,30,25
1,1485,30,25;1,1321,30,25;1,1951,30,25;1,1792,30,25;1,1884,30,25;1,1464,30,25;1,1438,30,25;1,2116,30,25;1,2002,30,25;1,2514,30,25;1,1801,30,25;1,1058,30,25;1,1560,30,25;1,2036,30,25;1,2521,30,25
1,1871,30,25;1,1310,30,25;1,1622,30,25;1,1849,30,25;1,1885,30,25;1,1773,30,25;1,1396,30,25;1,1791,30,25;1,1938,30,25;1,2487,30,25;1,1808,30,25;1,1428,30,25;1,1559,30,25;1,1984,30,25;1,2526,30,25
1,2130,30,25;1,1327,30,25;1,1635,30,25;1,1374,30,25;1,1885,30,25;1,2077,30,25;1,1448,30,25;1,1821,30,25;1,2256,30,25;1,2345,30,25;1,1840,30,25;1,1234,30,25;1,1538,30,25;1,2317,30,25;1,2334,30,25
1,2120,30,25;1,1311,30,25;1,1622,30,25;1,1839,30,25;1,1815,30,25;1,2033,30,25;1,1402,30,25;1,1788,30,25;1,2251,30,25;1,2350,30,25;1,2101,30,25;1,1048,30,25;1,1500,30,25;1,2334,30,25;1,2367,30,25
1,1966,30,25;1,2016,30,25;1,1597,30,25;1,1851,30,25;1,1581,30,25;1,1929,30,25;1,1979,30,25;1,1770,30,25;1,1794,30,25;1,2494,30,25;1,2415,30,25;1,1792,30,25;1,1409,30,25;1,1798,30,25;1,2531,30,25
1,1873,30,25;1,1950,30,25;1,1569,30,25;1,1829,30,25;1,2004,30,25;1,1863,30,25;1,1941,30,25;1,1757,30,25;1,1771,30,25;1,2497,30,25;1,2413,30,25;1,2070,30,25;1,1212,30,25;1,1754,30,25;1,2497,30,25
1,1665,30,25;1,1949,30,25;1,1644,30,25;1,1898,30,25;1,1803,30,25;1,1641,30,25;1,1893,30,25;1,1815,30,25;1,1899,30,25;1,2298,30,25;1,2450,30,25;1,2166,30,25;1,1784,30,25;1,1902,30,25;1,2303,30,25
1,2125,30,25;1,1748,30,25;1,1756,30,25;1,1889,30,25;1,2026,30,25;1,2093,30,25;1,1923,30,25;1,1944,30,25;1,1879,30,25;1,2325,30,25;1,1926,30,25;1,1650,30,25;1,1297,30,25;1,1878,30,25;1,2308,30,25
1,1713,30,25;1,1809,30,25;1,1937,30,25;1,2230,30,25;1,1996,30,25;1,1632,30,25;1,1946,30,25;1,2106,30,25;1,2269,30,25;1,2400,30,25;1,2001,30,25;1,1786,30,25;1,1641,30,25;1,2311,30,25;1,2484,30,25
1,1931,30,25;1,1443,30,25;1,1859,30,25;1,2200,30,25;1,2001,30,25;1,1785,30,25;1,1632,30,25;1,2061,30,25;1,1757,30,25;1,2426,30,25;1,1977,30,25;1,1830,30,25;1,1674,30,25;1,1742,30,25;1,2573,30,25
[Raw Data_TD (LCM OFF)]
Enable=1
Retry Count=0
Frame Count=1
SPEC Option=1
SPEC=0x0
Benchmark_TotalThreshold_Max=0
Benchmark_TotalThreshold_Min=0
Type Option=0
Max=15000
Min=0
Trimmed Mean=0
Lowest Percentage=10
Highest Percentage=10
Cut Panel=0
GoldenMode=0
[Raw Data_TD (LCM OFF)_Benchmark_Data]
1,6177,4030,0;1,6177,4030,0;1,6177,4030,0;1,6177,4030,0;1,6177,4030,0;0,0,0,0;0,0,0,0;0,0,0,0;0,0,0,0;0,0,0,0;0,0,0,0;0,0,0,0;0,0,0,0;0,0,0,0;0,0,0,0
1,6177,4030,0;1,6177,4030,0;1,6177,4030,0;1,6177,4030,0;1,6177,4030,0;0,0,0,0;0,0,0,0;0,0,0,0;0,0,0,0;0,0,0,0;0,0,0,0;0,0,0,0;0,0,0,0;0,0,0,0;0,0,0,0
1,6177,4030,0;1,6177,4030,0;1,6177,4030,0;1,6177,4030,0;1,6177,4030,0;0,0,0,0;0,0,0,0;0,0,0,0;0,0,0,0;0,0,0,0;0,0,0,0;0,0,0,0;0,0,0,0;0,0,0,0;0,0,0,0
1,6177,4030,0;1,6177,4030,0;1,6177,4030,0;1,6177,4030,0;1,6177,4030,0;0,0,0,0;0,0,0,0;0,0,0,0;0,0,0,0;0,0,0,0;0,0,0,0;0,0,0,0;0,0,0,0;0,0,0,0;0,0,0,0
1,6177,4030,0;1,6177,4030,0;1,6177,4030,0;1,6177,4030,0;1,6177,4030,0;0,0,0,0;0,0,0,0;0,0,0,0;0,0,0,0;0,0,0,0;0,0,0,0;0,0,0,0;0,0,0,0;0,0,0,0;0,0,0,0
1,6177,4030,0;1,6177,4030,0;1,6177,4030,0;1,6177,4030,0;1,6177,4030,0;0,0,0,0;0,0,0,0;0,0,0,0;0,0,0,0;0,0,0,0;0,0,0,0;0,0,0,0;0,0,0,0;0,0,0,0;0,0,0,0
1,6177,4030,0;1,6177,4030,0;1,6177,4030,0;1,6177,4030,0;1,6177,4030,0;0,0,0,0;0,0,0,0;0,0,0,0;0,0,0,0;0,0,0,0;0,0,0,0;0,0,0,0;0,0,0,0;0,0,0,0;0,0,0,0
1,6177,4030,0;1,6177,4030,0;1,6177,4030,0;1,6177,4030,0;1,6177,4030,0;0,0,0,0;0,0,0,0;0,0,0,0;0,0,0,0;0,0,0,0;0,0,0,0;0,0,0,0;0,0,0,0;0,0,0,0;0,0,0,0
1,6177,4030,0;1,6177,4030,0;1,6177,4030,0;1,6177,4030,0;1,6177,4030,0;0,0,0,0;0,0,0,0;0,0,0,0;0,0,0,0;0,0,0,0;0,0,0,0;0,0,0,0;0,0,0,0;0,0,0,0;0,0,0,0
1,6177,4030,0;1,6177,4030,0;1,6177,4030,0;1,6177,4030,0;1,6177,4030,0;0,0,0,0;0,0,0,0;0,0,0,0;0,0,0,0;0,0,0,0;0,0,0,0;0,0,0,0;0,0,0,0;0,0,0,0;0,0,0,0
1,6177,4030,0;1,6177,4030,0;1,6177,4030,0;1,6177,4030,0;1,6177,4030,0;0,0,0,0;0,0,0,0;0,0,0,0;0,0,0,0;0,0,0,0;0,0,0,0;0,0,0,0;0,0,0,0;0,0,0,0;0,0,0,0
1,6177,4030,0;1,6177,4030,0;1,6177,4030,0;1,6177,4030,0;1,6177,4030,0;0,0,0,0;0,0,0,0;0,0,0,0;0,0,0,0;0,0,0,0;0,0,0,0;0,0,0,0;0,0,0,0;0,0,0,0;0,0,0,0
1,6177,4030,0;1,6177,4030,0;1,6177,4030,0;1,6177,4030,0;1,6177,4030,0;0,0,0,0;0,0,0,0;0,0,0,0;0,0,0,0;0,0,0,0;0,0,0,0;0,0,0,0;0,0,0,0;0,0,0,0;0,0,0,0
1,6177,4030,0;1,6177,4030,0;1,6177,4030,0;1,6177,4030,0;1,6177,4030,0;0,0,0,0;0,0,0,0;0,0,0,0;0,0,0,0;0,0,0,0;0,0,0,0;0,0,0,0;0,0,0,0;0,0,0,0;0,0,0,0
1,6177,4030,0;1,6177,4030,0;1,6177,4030,0;1,6177,4030,0;1,6177,4030,0;0,0,0,0;0,0,0,0;0,0,0,0;0,0,0,0;0,0,0,0;0,0,0,0;0,0,0,0;0,0,0,0;0,0,0,0;0,0,0,0
1,6177,4030,0;1,6177,4030,0;1,6177,4030,0;1,6177,4030,0;1,6177,4030,0;0,0,0,0;0,0,0,0;0,0,0,0;0,0,0,0;0,0,0,0;0,0,0,0;0,0,0,0;0,0,0,0;0,0,0,0;0,0,0,0
1,6177,4030,0;1,6177,4030,0;1,6177,4030,0;1,6177,4030,0;1,6177,4030,0;0,0,0,0;0,0,0,0;0,0,0,0;0,0,0,0;0,0,0,0;0,0,0,0;0,0,0,0;0,0,0,0;0,0,0,0;0,0,0,0
1,6177,4030,0;1,6177,4030,0;1,6177,4030,0;1,6177,4030,0;1,6177,4030,0;0,0,0,0;0,0,0,0;0,0,0,0;0,0,0,0;0,0,0,0;0,0,0,0;0,0,0,0;0,0,0,0;0,0,0,0;0,0,0,0
1,6177,4030,0;1,6177,4030,0;1,6177,4030,0;1,6177,4030,0;1,6177,4030,0;0,0,0,0;0,0,0,0;0,0,0,0;0,0,0,0;0,0,0,0;0,0,0,0;0,0,0,0;0,0,0,0;0,0,0,0;0,0,0,0
1,6177,4030,0;1,6177,4030,0;1,6177,4030,0;1,6177,4030,0;1,6177,4030,0;0,0,0,0;0,0,0,0;0,0,0,0;0,0,0,0;0,0,0,0;0,0,0,0;0,0,0,0;0,0,0,0;0,0,0,0;0,0,0,0
1,6177,4030,0;1,6177,4030,0;1,6177,4030,0;1,6177,4030,0;1,6177,4030,0;0,0,0,0;0,0,0,0;0,0,0,0;0,0,0,0;0,0,0,0;0,0,0,0;0,0,0,0;0,0,0,0;0,0,0,0;0,0,0,0
1,6177,4030,0;1,6177,4030,0;1,6177,4030,0;1,6177,4030,0;1,6177,4030,0;0,0,0,0;0,0,0,0;0,0,0,0;0,0,0,0;0,0,0,0;0,0,0,0;0,0,0,0;0,0,0,0;0,0,0,0;0,0,0,0
1,6177,4030,0;1,6177,4030,0;1,6177,4030,0;1,6177,4030,0;1,6177,4030,0;0,0,0,0;0,0,0,0;0,0,0,0;0,0,0,0;0,0,0,0;0,0,0,0;0,0,0,0;0,0,0,0;0,0,0,0;0,0,0,0
1,6177,4030,0;1,6177,4030,0;1,6177,4030,0;1,6177,4030,0;1,6177,4030,0;0,0,0,0;0,0,0,0;0,0,0,0;0,0,0,0;0,0,0,0;0,0,0,0;0,0,0,0;0,0,0,0;0,0,0,0;0,0,0,0
1,6177,4030,0;1,6177,4030,0;1,6177,4030,0;1,6177,4030,0;1,6177,4030,0;0,0,0,0;0,0,0,0;0,0,0,0;0,0,0,0;0,0,0,0;0,0,0,0;0,0,0,0;0,0,0,0;0,0,0,0;0,0,0,0
1,6177,4030,0;1,6177,4030,0;1,6177,4030,0;1,6177,4030,0;1,6177,4030,0;0,0,0,0;0,0,0,0;0,0,0,0;0,0,0,0;0,0,0,0;0,0,0,0;0,0,0,0;0,0,0,0;0,0,0,0;0,0,0,0
1,6177,4030,0;1,6177,4030,0;1,6177,4030,0;1,6177,4030,0;1,6177,4030,0;0,0,0,0;0,0,0,0;0,0,0,0;0,0,0,0;0,0,0,0;0,0,0,0;0,0,0,0;0,0,0,0;0,0,0,0;0,0,0,0
1,6177,4030,0;1,6177,4030,0;1,6177,4030,0;1,6177,4030,0;1,6177,4030,0;0,0,0,0;0,0,0,0;0,0,0,0;0,0,0,0;0,0,0,0;0,0,0,0;0,0,0,0;0,0,0,0;0,0,0,0;0,0,0,0
1,6177,4030,0;1,6177,4030,0;1,6177,4030,0;1,6177,4030,0;1,6177,4030,0;0,0,0,0;0,0,0,0;0,0,0,0;0,0,0,0;0,0,0,0;0,0,0,0;0,0,0,0;0,0,0,0;0,0,0,0;0,0,0,0
1,6177,4030,0;1,6177,4030,0;1,6177,4030,0;1,6177,4030,0;1,6177,4030,0;0,0,0,0;0,0,0,0;0,0,0,0;0,0,0,0;0,0,0,0;0,0,0,0;0,0,0,0;0,0,0,0;0,0,0,0;0,0,0,0
1,6177,4030,0;1,6177,4030,0;1,6177,4030,0;1,6177,4030,0;1,6177,4030,0;0,0,0,0;0,0,0,0;0,0,0,0;0,0,0,0;0,0,0,0;0,0,0,0;0,0,0,0;0,0,0,0;0,0,0,0;0,0,0,0
1,6177,4030,0;1,6177,4030,0;1,6177,4030,0;1,6177,4030,0;1,6177,4030,0;0,0,0,0;0,0,0,0;0,0,0,0;0,0,0,0;0,0,0,0;0,0,0,0;0,0,0,0;0,0,0,0;0,0,0,0;0,0,0,0
1,6177,4030,0;1,6177,4030,0;1,6177,4030,0;1,6177,4030,0;1,6177,4030,0;0,0,0,0;0,0,0,0;0,0,0,0;0,0,0,0;0,0,0,0;0,0,0,0;0,0,0,0;0,0,0,0;0,0,0,0;0,0,0,0
1,6177,4030,0;1,6177,4030,0;1,6177,4030,0;1,6177,4030,0;1,6177,4030,0;0,0,0,0;0,0,0,0;0,0,0,0;0,0,0,0;0,0,0,0;0,0,0,0;0,0,0,0;0,0,0,0;0,0,0,0;0,0,0,0
[Pin Test ( INT and RST )]
Enable=0
Test INT Pin=1
INT Pulse Test=0
Delay Time=0
Test Reset Pin=1
[Node Type]
0;4;4;4;4;4;0;0;0;0;0;0;4;4;4;4;4;0
4;4;4;4;4;4;4;4;4;4;4;4;4;4;4;4;4;4
4;4;4;4;4;4;4;4;4;4;4;4;4;4;4;4;4;4
2;2;1;1;1;1;1;1;1;1;1;1;1;1;1;1;2;2
2;2;1;1;1;1;1;1;1;1;1;1;1;1;1;1;2;2
2;2;1;1;1;1;1;1;1;1;1;1;1;1;1;1;2;2
2;2;1;1;1;1;1;1;1;1;1;1;1;1;1;1;2;2
2;2;1;1;1;1;1;1;1;1;1;1;1;1;1;1;2;2
2;2;1;1;1;1;1;1;1;1;1;1;1;1;1;1;2;2
2;2;1;1;1;1;1;1;1;1;1;1;1;1;1;1;2;2
2;2;1;1;1;1;1;1;1;1;1;1;1;1;1;1;2;2
2;2;1;1;1;1;1;1;1;1;1;1;1;1;1;1;2;2
2;2;1;1;1;1;1;1;1;1;1;1;1;1;1;1;2;2
2;2;1;1;1;1;1;1;1;1;1;1;1;1;1;1;2;2
2;2;1;1;1;1;1;1;1;1;1;1;1;1;1;1;2;2
2;2;1;1;1;1;1;1;1;1;1;1;1;1;1;1;2;2
2;2;1;1;1;1;1;1;1;1;1;1;1;1;1;1;2;2
2;2;1;1;1;1;1;1;1;1;1;1;1;1;1;1;2;2
2;2;1;1;1;1;1;1;1;1;1;1;1;1;1;1;2;2
2;2;1;1;1;1;1;1;1;1;1;1;1;1;1;1;2;2
2;2;1;1;1;1;1;1;1;1;1;1;1;1;1;1;2;2
2;2;1;1;1;1;1;1;1;1;1;1;1;1;1;1;2;2
2;2;1;1;1;1;1;1;1;1;1;1;1;1;1;1;2;2
2;2;1;1;1;1;1;1;1;1;1;1;1;1;1;1;2;2
2;2;1;1;1;1;1;1;1;1;1;1;1;1;1;1;2;2
2;2;1;1;1;1;1;1;1;1;1;1;1;1;1;1;2;2
2;2;1;1;1;1;1;1;1;1;1;1;1;1;1;1;2;2
2;2;1;1;1;1;1;1;1;1;1;1;1;1;1;1;2;2
2;2;1;1;1;1;1;1;1;1;1;1;1;1;1;1;2;2
2;2;1;1;1;1;1;1;1;1;1;1;1;1;1;1;2;2
2;2;1;1;1;1;1;1;1;1;1;1;1;1;1;1;2;2
2;2;1;1;1;1;1;1;1;1;1;1;1;1;1;1;2;2
2;2;1;1;1;1;1;1;1;1;1;1;1;1;1;1;2;2
2;2;1;1;1;1;1;1;1;1;1;1;1;1;1;1;2;2
2;2;2;2;2;2;2;2;2;2;2;2;2;2;2;2;2;2
16;2;2;2;2;2;2;2;2;2;2;2;2;2;2;2;2;16
