max_limit_vale_id0={\ 
3535,4261,4204,4163,4171,4148,4152,4123,4189,4157,4122,4119,4132,4139,3905,4508,4501,4560,4570,4570,4582,4534,4535,4508,4526,4559,4546,4469,4479,3659,\
4742,4469,4410,4388,4375,4374,4364,4344,4408,4391,4335,4341,4310,4367,4104,4477,4452,4518,4514,4527,4530,4497,4491,4468,4479,4525,4516,4457,4470,4308,\
4796,4504,4434,4412,4401,4410,4383,4375,4418,4419,4347,4373,4321,4383,4113,4434,4404,4465,4455,4474,4474,4452,4436,4431,4436,4491,4475,4426,4440,4299,\
4794,4509,4449,4426,4410,4409,4390,4383,4423,4417,4351,4373,4326,4392,4119,4392,4358,4422,4408,4430,4425,4404,4393,4392,4399,4453,4449,4405,4422,4289,\
4913,4640,4599,4556,4564,4535,4538,4500,4568,4538,4486,4483,4464,4500,4241,4438,4423,4461,4473,4474,4482,4445,4455,4444,4466,4509,4517,4465,4495,4345,\
4709,4651,4599,4568,4564,4547,4540,4510,4568,4546,4487,4490,4456,4501,4235,4390,4364,4419,4422,4425,4427,4395,4404,4400,4422,4470,4479,4436,4465,4313,\
3000,4673,4707,4611,4666,4590,4642,4555,4670,4586,4581,4522,4540,4538,4310,4370,4373,4399,4438,4412,4448,4383,4421,4383,4436,4460,4491,4419,4466,4295,\
3000,4521,4556,4465,4517,4448,4499,4416,4523,4448,4435,4390,4401,4401,4187,4179,4180,4208,4240,4222,4262,4198,4240,4204,4256,4280,4309,4245,4293,4131,\
4587,4574,4543,4508,4510,4486,4488,4464,4530,4500,4449,4440,4416,4452,4204,4180,4169,4219,4222,4231,4243,4208,4221,4210,4241,4292,4304,4256,4286,4140,\
4722,4607,4565,4534,4531,4512,4509,4484,4546,4518,4462,4461,4432,4468,4211,4146,4133,4185,4188,4201,4206,4182,4187,4184,4210,4263,4270,4224,4250,4114,\
4725,4626,4590,4555,4556,4533,4535,4503,4556,4523,4469,4466,4438,4479,4221,4105,4093,4141,4152,4162,4172,4148,4162,4145,4174,4214,4227,4180,4206,4070,\
4768,4774,4713,4696,4681,4670,4652,4634,4682,4669,4586,4603,4555,4616,4334,4166,4139,4197,4192,4224,4219,4201,4206,4208,4213,4274,4270,4232,4245,4114,\
4742,4865,4828,4796,4796,4774,4767,4733,4793,4761,4689,4689,4661,4699,4439,4172,4159,4205,4219,4228,4245,4211,4224,4213,4237,4286,4291,4244,4261,4111,\
3444,4848,4893,4847,4865,4833,4846,4808,4878,4832,4781,4778,4767,4807,4699,3879,3866,3915,3931,3936,3957,3918,3938,3925,3954,3993,4013,3959,3972,3340,\
};

min_limit_vale_id0={\
1871,2247,2214,2208,2221,2191,2200,2179,2175,2150,2134,2172,2180,2150,2014,2392,2384,2372,2375,2349,2355,2329,2339,2329,2340,2330,2347,2323,2330,1889,\
2476,2354,2314,2328,2319,2309,2295,2295,2275,2268,2236,2283,2260,2263,2112,2380,2358,2352,2347,2332,2328,2310,2316,2312,2321,2317,2336,2323,2328,2221,\
2519,2370,2340,2342,2341,2324,2321,2309,2293,2286,2252,2296,2279,2281,2129,2361,2346,2334,2335,2316,2313,2297,2302,2299,2309,2309,2327,2317,2327,2224,\
2510,2362,2343,2339,2344,2312,2320,2300,2289,2278,2245,2290,2279,2280,2123,2337,2325,2314,2314,2296,2295,2281,2282,2282,2286,2293,2313,2300,2319,2217,\
2567,2432,2411,2409,2414,2384,2385,2367,2357,2340,2312,2352,2339,2335,2184,2366,2356,2341,2344,2321,2329,2310,2316,2312,2322,2326,2351,2342,2357,2253,\
2463,2435,2413,2412,2412,2383,2384,2367,2353,2342,2314,2356,2340,2335,2186,2342,2330,2320,2323,2300,2306,2287,2297,2291,2304,2306,2335,2328,2344,2242,\
500 ,2455,2472,2445,2470,2414,2438,2394,2403,2365,2358,2380,2382,2358,2223,2337,2341,2318,2339,2302,2321,2288,2308,2288,2316,2304,2344,2328,2352,2241,\
500 ,2309,2339,2308,2340,2283,2313,2263,2275,2230,2232,2244,2256,2218,2103,2174,2183,2160,2184,2148,2169,2134,2158,2139,2167,2159,2199,2183,2210,2109,\
2349,2350,2331,2327,2332,2302,2308,2286,2275,2250,2230,2260,2249,2238,2101,2170,2163,2157,2165,2143,2150,2134,2146,2139,2157,2160,2189,2179,2200,2107,\
2423,2366,2338,2339,2340,2314,2316,2298,2284,2261,2234,2269,2253,2244,2101,2148,2144,2134,2144,2125,2130,2114,2120,2122,2137,2139,2165,2158,2177,2083,\
2422,2378,2351,2352,2352,2323,2324,2306,2291,2267,2244,2276,2262,2247,2111,2134,2125,2118,2124,2106,2111,2097,2106,2102,2116,2118,2149,2138,2155,2061,\
2443,2439,2398,2410,2404,2382,2374,2363,2339,2327,2288,2332,2307,2301,2159,2155,2141,2138,2143,2124,2131,2113,2124,2120,2134,2136,2162,2154,2165,2074,\
2436,2505,2467,2475,2464,2448,2435,2426,2403,2390,2354,2397,2366,2361,2219,2174,2160,2156,2158,2141,2146,2130,2136,2133,2147,2144,2173,2165,2175,2078,\
1763,2501,2505,2506,2505,2480,2477,2466,2450,2431,2404,2451,2431,2426,2358,2010,1999,1996,2000,1985,1990,1971,1978,1975,1983,1986,2008,2002,2010,1670,\
}; 

accord_limit_vale_id0={\
 451, 300, 300, 300, 300, 300, 300, 300, 300, 300, 300, 300, 300, 300, 300, 300, 300, 300, 300, 300, 300, 300, 300, 300, 300, 300, 300, 300, 300, 336,\
 357, 300, 300, 300, 300, 300, 300, 300, 300, 300, 300, 300, 300, 300, 300, 300, 300, 300, 300, 300, 300, 300, 300, 300, 300, 300, 300, 300, 300, 300,\
 300, 300, 300, 300, 300, 300, 300, 300, 300, 300, 300, 300, 300, 300, 300, 300, 300, 300, 300, 300, 300, 300, 300, 300, 300, 300, 300, 300, 300, 300,\
 300, 300, 300, 300, 300, 300, 300, 300, 300, 300, 300, 300, 300, 300, 300, 300, 300, 300, 300, 300, 300, 300, 300, 300, 300, 300, 300, 300, 300, 300,\
 300, 300, 300, 300, 300, 300, 300, 300, 300, 300, 300, 300, 300, 300, 300, 300, 300, 300, 300, 300, 300, 300, 300, 300, 300, 300, 300, 300, 300, 300,\
 667, 300, 300, 300, 300, 300, 300, 300, 300, 300, 300, 300, 300, 300, 300, 300, 300, 300, 300, 300, 300, 300, 300, 300, 300, 300, 300, 300, 300, 300,\
 1433, 667, 300, 300, 300, 300, 300, 300, 300, 300, 300, 300, 300, 300, 300, 300, 300, 300, 300, 300, 300, 300, 300, 300, 300, 300, 300, 300, 300, 300,\
 1433, 667, 300, 300, 300, 300, 300, 300, 300, 300, 300, 300, 300, 300, 300, 300, 300, 300, 300, 300, 300, 300, 300, 300, 300, 300, 300, 300, 300, 300,\
 667, 300, 300, 300, 300, 300, 300, 300, 300, 300, 300, 300, 300, 300, 300, 300, 300, 300, 300, 300, 300, 300, 300, 300, 300, 300, 300, 300, 300, 300,\
 300, 300, 300, 300, 300, 300, 300, 300, 300, 300, 300, 300, 300, 300, 300, 300, 300, 300, 300, 300, 300, 300, 300, 300, 300, 300, 300, 300, 300, 300,\
 300, 300, 300, 300, 300, 300, 300, 300, 300, 300, 300, 300, 300, 300, 300, 300, 300, 300, 300, 300, 300, 300, 300, 300, 300, 300, 300, 300, 300, 300,\
 300, 300, 300, 300, 300, 300, 300, 300, 300, 300, 300, 300, 300, 300, 300, 300, 300, 300, 300, 300, 300, 300, 300, 300, 300, 300, 300, 300, 300, 300,\
 377, 300, 300, 300, 300, 300, 300, 300, 300, 300, 300, 300, 300, 300, 300, 300, 300, 300, 300, 300, 300, 300, 300, 300, 300, 300, 300, 300, 300, 300,\
 549, 396, 300, 300, 300, 300, 300, 300, 300, 300, 300, 300, 300, 300, 300, 316, 300, 300, 300, 300, 300, 300, 300, 300, 300, 300, 300, 300, 300, 345,\
};

jitter_limit_vale_id0 = {
	50, 50, 50, 50, 50, 50, 50, 50, 50, 50, 50, 50, 50, 50, 50, 50, 50, 50, 50, 50, 50, 50, 50, 50, 50, 50, 50, 50, 50, 50,
	50, 50, 50, 50, 50, 50, 50, 50, 50, 50, 50, 50, 50, 50, 50, 50, 50, 50, 50, 50, 50, 50, 50, 50, 50, 50, 50, 50, 50, 50,
	50, 50, 50, 50, 50, 50, 50, 50, 50, 50, 50, 50, 50, 50, 50, 50, 50, 50, 50, 50, 50, 50, 50, 50, 50, 50, 50, 50, 50, 50,
	50, 50, 50, 50, 50, 50, 50, 50, 50, 50, 50, 50, 50, 50, 50, 50, 50, 50, 50, 50, 50, 50, 50, 50, 50, 50, 50, 50, 50, 50,
	50, 50, 50, 50, 50, 50, 50, 50, 50, 50, 50, 50, 50, 50, 50, 50, 50, 50, 50, 50, 50, 50, 50, 50, 50, 50, 50, 50, 50, 50,
	50, 50, 50, 50, 50, 50, 50, 50, 50, 50, 50, 50, 50, 50, 50, 50, 50, 50, 50, 50, 50, 50, 50, 50, 50, 50, 50, 50, 50, 50,
	50, 50, 50, 50, 50, 50, 50, 50, 50, 50, 50, 50, 50, 50, 50, 50, 50, 50, 50, 50, 50, 50, 50, 50, 50, 50, 50, 50, 50, 50,
	50, 50, 50, 50, 50, 50, 50, 50, 50, 50, 50, 50, 50, 50, 50, 50, 50, 50, 50, 50, 50, 50, 50, 50, 50, 50, 50, 50, 50, 50,
	50, 50, 50, 50, 50, 50, 50, 50, 50, 50, 50, 50, 50, 50, 50, 50, 50, 50, 50, 50, 50, 50, 50, 50, 50, 50, 50, 50, 50, 50,
	50, 50, 50, 50, 50, 50, 50, 50, 50, 50, 50, 50, 50, 50, 50, 50, 50, 50, 50, 50, 50, 50, 50, 50, 50, 50, 50, 50, 50, 50,
	50, 50, 50, 50, 50, 50, 50, 50, 50, 50, 50, 50, 50, 50, 50, 50, 50, 50, 50, 50, 50, 50, 50, 50, 50, 50, 50, 50, 50, 50,
	50, 50, 50, 50, 50, 50, 50, 50, 50, 50, 50, 50, 50, 50, 50, 50, 50, 50, 50, 50, 50, 50, 50, 50, 50, 50, 50, 50, 50, 50,
	50, 50, 50, 50, 50, 50, 50, 50, 50, 50, 50, 50, 50, 50, 50, 50, 50, 50, 50, 50, 50, 50, 50, 50, 50, 50, 50, 50, 50, 50,
	50, 50, 50, 50, 50, 50, 50, 50, 50, 50, 50, 50, 50, 50, 50, 50, 50, 50, 50, 50, 50, 50, 50, 50, 50, 50, 50, 50, 50, 50,
};
