max_limit_vale_id0={\ 
	3782,4419,4367,4312,4325,4322,4315,4279,4338,4278,4270,4224,4252,4191,3962,4676,4661,4556,4575,4611,4617,4552,4570,4592,4617,4579,4566,4596,4613,3737,\
	4885,4588,4540,4547,4495,4525,4516,4492,4520,4490,4447,4447,4417,4418,4158,4647,4642,4561,4577,4598,4612,4529,4523,4559,4579,4588,4582,4587,4613,4431,\
	5020,4692,4646,4613,4591,4622,4598,4592,4616,4578,4538,4503,4470,4477,4222,4642,4599,4507,4517,4560,4570,4507,4534,4560,4594,4547,4546,4592,4630,4434,\
	4952,4644,4585,4565,4533,4575,4542,4544,4561,4526,4486,4458,4421,4436,4178,4560,4516,4443,4456,4495,4497,4443,4470,4496,4527,4495,4497,4551,4588,4406,\
	5095,4821,4750,4735,4696,4743,4700,4707,4708,4685,4631,4611,4560,4583,4309,4650,4594,4525,4521,4582,4570,4527,4531,4573,4594,4572,4566,4627,4653,4461,\
	4854,4742,4708,4672,4673,4665,4659,4633,4666,4609,4594,4587,4575,4549,4265,4542,4526,4503,4501,4510,4517,4471,4482,4492,4525,4491,4508,4560,4598,4396,\
	3585,4824,4898,4750,4822,4747,4815,4708,4825,4695,4744,4617,4668,4587,4395,4561,4588,4452,4516,4507,4561,4448,4520,4509,4583,4509,4553,4573,4637,4408,\
	3585,4647,4691,4630,4678,4620,4663,4579,4555,4477,4510,4448,4473,4536,4237,4397,4399,4339,4383,4371,4416,4351,4395,4397,4444,4380,4483,4448,4513,4299,\
	4715,4703,4670,4660,4659,4651,4639,4608,4546,4508,4507,4478,4474,4559,4226,4388,4375,4339,4352,4358,4388,4353,4375,4401,4430,4391,4477,4461,4510,4314,\
	4893,4742,4696,4694,4679,4676,4663,4637,4565,4533,4526,4507,4494,4575,4253,4353,4339,4297,4317,4322,4353,4336,4345,4377,4400,4360,4445,4434,4477,4288,\
	4899,4761,4725,4707,4698,4687,4683,4650,4585,4548,4551,4525,4513,4595,4275,4314,4304,4257,4282,4287,4334,4309,4323,4356,4383,4339,4421,4405,4453,4261,\
	4950,4886,4835,4830,4811,4817,4796,4770,4722,4698,4669,4631,4609,4699,4397,4357,4336,4297,4309,4327,4369,4352,4364,4401,4425,4383,4458,4439,4479,4293,\
	4929,5003,4951,4937,4928,4930,4912,4884,4842,4807,4787,4738,4728,4802,4516,4380,4348,4317,4334,4347,4400,4380,4390,4423,4447,4403,4479,4462,4497,4296,\
	3651,4960,4978,4951,4947,4942,4932,4904,4856,4825,4819,4800,4800,4871,4759,4081,4052,4027,4040,4065,4098,4074,4091,4118,4144,4101,4182,4161,4193,3489,\
};

min_limit_vale_id0={\
	1758,2040,2019,2034,2040,2023,2025,2011,2012,1998,2007,2008,2023,1815,1901,2253,2259,2253,2225,2230,2227,2253,2264,2244,2257,2230,2284,2249,2262,1845,\
	2332,2174,2148,2148,2142,2160,2151,2145,2088,2088,2113,2089,2074,1946,1992,2253,2246,2235,2236,2242,2247,2256,2253,2259,2269,2254,2282,2261,2272,2205,\
	2351,2172,2148,2183,2174,2170,2158,2161,2151,2143,2140,2137,2125,1949,2030,2241,2230,2206,2202,2218,2212,2242,2244,2235,2249,2228,2283,2265,2280,2192,\
	2354,2186,2155,2197,2183,2179,2162,2178,2148,2132,2146,2146,2127,1964,2022,2208,2197,2199,2162,2193,2178,2225,2229,2214,2218,2210,2260,2247,2263,2178,\
	2419,2232,2233,2238,2255,2225,2238,2214,2215,2195,2217,2186,2188,1997,2091,2238,2235,2211,2208,2228,2216,2243,2249,2243,2256,2244,2292,2270,2285,2209,\
	2333,2264,2248,2232,2230,2246,2239,2226,2177,2165,2203,2165,2153,2020,2067,2207,2200,2195,2178,2195,2188,2205,2222,2225,2229,2221,2246,2244,2267,2193,\
	1100,2251,2286,2271,2307,2255,2288,2242,2254,2218,2259,2215,2232,2019,2125,2188,2223,2181,2188,2173,2199,2219,2241,2206,2246,2202,2280,2249,2277,2184,\
	1106,2228,2247,2246,2266,2230,2242,2214,2229,2193,2212,2180,2192,1985,2097,2151,2152,2127,2153,2144,2165,2151,2165,2146,2165,2172,2208,2179,2209,2141,\
	2277,2259,2244,2266,2267,2252,2244,2233,2230,2214,2216,2207,2198,2006,2098,2150,2142,2125,2123,2144,2141,2151,2157,2146,2158,2176,2193,2173,2196,2135,\
	2362,2272,2250,2274,2273,2262,2249,2245,2236,2223,2220,2217,2204,2013,2104,2132,2124,2109,2105,2126,2129,2136,2138,2125,2135,2158,2167,2150,2172,2111,\
	2370,2281,2264,2287,2288,2267,2260,2256,2244,2232,2230,2223,2207,2018,2112,2116,2105,2091,2091,2106,2112,2117,2126,2102,2115,2140,2150,2131,2151,2092,\
	2404,2350,2331,2356,2353,2337,2329,2319,2312,2298,2298,2284,2270,2078,2169,2140,2131,2119,2119,2128,2133,2138,2147,2123,2134,2167,2169,2151,2172,2111,\
	2386,2402,2381,2408,2404,2390,2378,2369,2361,2348,2344,2342,2331,2249,2214,2149,2139,2127,2127,2135,2140,2144,2154,2132,2141,2174,2174,2155,2176,2110,\
	1728,2372,2386,2406,2411,2394,2386,2376,2374,2350,2360,2386,2374,2348,2321,1975,1968,1972,1954,1966,1968,1983,1992,1976,1987,2001,1999,1978,1991,1682,\
}; 

accord_limit_vale_id0={\
	552,350,350,350,350,350,350,350,350,350,350,350,350,350,350,350,350,350,350,350,350,350,350,350,350,350,350,350,380,395,\
	382,350,350,350,350,350,350,350,350,350,350,350,350,350,350,350,350,350,350,350,350,350,350,350,350,350,350,350,350,380,\
	350,350,350,350,350,350,350,350,350,350,350,350,350,350,350,350,350,350,350,350,350,350,350,350,350,350,350,350,350,350,\
	350,350,350,350,350,350,350,350,350,350,350,350,350,350,350,350,350,350,350,350,350,350,350,350,350,350,350,350,350,350,\
	350,350,350,350,350,350,350,350,350,350,350,350,350,350,350,350,350,350,350,350,350,350,350,350,350,350,350,350,350,350,\
	727,350,350,350,350,350,350,350,350,350,350,350,350,350,350,350,350,350,350,350,350,350,350,350,350,350,350,350,350,350,\
	1483,727,350,350,350,350,350,350,350,350,350,350,350,350,350,350,350,350,350,350,350,350,350,350,350,350,350,350,350,350,\
	1483,727,350,350,350,350,350,350,350,350,350,350,350,350,350,350,350,350,350,350,350,350,350,350,350,350,350,350,350,350,\
	727,350,350,350,350,350,350,350,350,350,350,350,350,350,350,350,350,350,350,350,350,350,350,350,350,350,350,350,350,350,\
	350,350,350,350,350,350,350,350,350,350,350,350,350,350,350,350,350,350,350,350,350,350,350,350,350,350,350,350,350,350,\
	350,350,350,350,350,350,350,350,350,350,350,350,350,350,350,350,350,350,350,350,350,350,350,350,350,350,350,350,350,350,\
	350,350,350,350,350,350,350,350,350,350,350,350,350,350,350,350,350,350,350,350,350,350,350,350,350,350,350,350,350,350,\
	382,350,350,350,350,350,350,350,350,350,350,350,350,350,350,350,350,350,350,350,350,350,350,350,350,350,350,350,350,370,\
	596,408,350,350,350,350,350,350,350,350,350,350,350,350,350,350,350,350,350,350,350,350,350,350,350,350,350,350,370,390,\
};

jitter_limit_vale_id0 = {
	50, 50, 50, 50, 50, 50, 50, 50, 50, 50, 50, 50, 50, 50, 50, 50, 50, 50, 50, 50, 50, 50, 50, 50, 50, 50, 50, 50, 50, 50,
	50, 50, 50, 50, 50, 50, 50, 50, 50, 50, 50, 50, 50, 50, 50, 50, 50, 50, 50, 50, 50, 50, 50, 50, 50, 50, 50, 50, 50, 50,
	50, 50, 50, 50, 50, 50, 50, 50, 50, 50, 50, 50, 50, 50, 50, 50, 50, 50, 50, 50, 50, 50, 50, 50, 50, 50, 50, 50, 50, 50,
	50, 50, 50, 50, 50, 50, 50, 50, 50, 50, 50, 50, 50, 50, 50, 50, 50, 50, 50, 50, 50, 50, 50, 50, 50, 50, 50, 50, 50, 50,
	50, 50, 50, 50, 50, 50, 50, 50, 50, 50, 50, 50, 50, 50, 50, 50, 50, 50, 50, 50, 50, 50, 50, 50, 50, 50, 50, 50, 50, 50,
	50, 50, 50, 50, 50, 50, 50, 50, 50, 50, 50, 50, 50, 50, 50, 50, 50, 50, 50, 50, 50, 50, 50, 50, 50, 50, 50, 50, 50, 50,
	50, 50, 50, 50, 50, 50, 50, 50, 50, 50, 50, 50, 50, 50, 50, 50, 50, 50, 50, 50, 50, 50, 50, 50, 50, 50, 50, 50, 50, 50,
	50, 50, 50, 50, 50, 50, 50, 50, 50, 50, 50, 50, 50, 50, 50, 50, 50, 50, 50, 50, 50, 50, 50, 50, 50, 50, 50, 50, 50, 50,
	50, 50, 50, 50, 50, 50, 50, 50, 50, 50, 50, 50, 50, 50, 50, 50, 50, 50, 50, 50, 50, 50, 50, 50, 50, 50, 50, 50, 50, 50,
	50, 50, 50, 50, 50, 50, 50, 50, 50, 50, 50, 50, 50, 50, 50, 50, 50, 50, 50, 50, 50, 50, 50, 50, 50, 50, 50, 50, 50, 50,
	50, 50, 50, 50, 50, 50, 50, 50, 50, 50, 50, 50, 50, 50, 50, 50, 50, 50, 50, 50, 50, 50, 50, 50, 50, 50, 50, 50, 50, 50,
	50, 50, 50, 50, 50, 50, 50, 50, 50, 50, 50, 50, 50, 50, 50, 50, 50, 50, 50, 50, 50, 50, 50, 50, 50, 50, 50, 50, 50, 50,
	50, 50, 50, 50, 50, 50, 50, 50, 50, 50, 50, 50, 50, 50, 50, 50, 50, 50, 50, 50, 50, 50, 50, 50, 50, 50, 50, 50, 50, 50,
	50, 50, 50, 50, 50, 50, 50, 50, 50, 50, 50, 50, 50, 50, 50, 50, 50, 50, 50, 50, 50, 50, 50, 50, 50, 50, 50, 50, 50, 50,
};
