[PV5_4 Command]
Protocol=0506
Date=2019/11/26 20:09:35
Version=1.0.1
Timing_Info_Raw=03,A3,00,29,F1,30,00,0A,00,02,01,00,32,00,78,FF,00,64,01,90,00,64,01,90,02,80,01,40,00,00,00,01,01,45,02,2D,0A,01,18,0D,00,40,1E,05,73,00
Timing_Info_Value=3603163376064147697,241,48,0,2560,2,1,50,120,255,100,400,100,400,640,320,0,1,325,2,45,10,1,24,13,0,64,30,5,115
Noise Peak To Peak(With Panel)=0xF1,0x1D,0x00,0x00,0x78,0xF0,0x1E,0xFF,0x3F,0xF1,0x08,0x00,0xFF,0x00,0xFF,0x37
Calibration Data(DAC)=0xF1,0x01,0x00,0x00,0x78,0x00,0xFF,0xFF,0x3F,0xFF,0x08,0x00,0xFF,0xFF,0xFF,0x55
Raw Data(No BK)=0xF1,0x05,0x00,0x00,0x78,0x00,0x7E,0xFF,0x3F,0xFF,0x08,0x00,0xFF,0xFF,0xFF,0xD2
OPEN CAP1 DAC=0xF1,0x01,0x00,0x00,0x78,0x00,0xF9,0xFF,0x53,0x03,0x02,0x0D,0xFF,0xFF,0xFF,0x3C
OPEN CAP1 Raw=0xF1,0x08,0x00,0x00,0x78,0x00,0x78,0xFF,0x53,0x03,0x02,0x0D,0xFF,0xFF,0xFF,0xB6
Short Test=0xF1,0x04,0x00,0x00,0xB4,0x00,0x6E,0xFF,0x7F,0xF3,0xFF,0xFF,0xF0,0xFF,0xFF,0x8C
Doze Raw Data=0xF1,0x33,0x00,0xFF,0xFF,0xFF,0xFF,0xFF,0x3F,0xFF,0x08,0x00,0xFF,0xFF,0xFF,0x9E
Doze Peak To Peak=0xF1,0x32,0x00,0xFF,0xFF,0xFF,0x1E,0xFF,0x3F,0xF1,0x08,0x00,0xFF,0x00,0xFF,0x8D
Noise Peak To Peak(With Panel) (LCM OFF)=0xF1,0x1D,0x00,0x00,0x78,0xF0,0x1E,0xFF,0x3F,0xF1,0x08,0x00,0xFF,0x00,0xFF,0x37
Raw Data(No BK) (LCM OFF)=0xF1,0x05,0x00,0x00,0x78,0x00,0x7E,0xFF,0x3F,0xFF,0x08,0x00,0xFF,0xFF,0xFF,0xD2
Peak To Peak_TD (LCM OFF)=0xF1,0x32,0x00,0xFF,0xFF,0xFF,0x1E,0xFF,0x3F,0xF1,0x08,0x00,0xFF,0x00,0xFF,0x8D
Raw Data_TD (LCM OFF)=0xF1,0x33,0x00,0xFF,0xFF,0xFF,0xFF,0xFF,0x3F,0xFF,0x08,0x00,0xFF,0xFF,0xFF,0x9E
[Get MP Threshold]
Enable=0
[Program Customer Data]
Show=1
Style=0
[FW Upgrade]
Enable=1
Mode=Force Upgrade;Only Verify;Upgrade if Verify Failed
Searching Folder Mode=0
[FW Ver. Check]
Enable=1
FW Check Sum=D6BB0A42
FW Start Add=000000
FW End Add=00FFFB
Tuning Check Sum=DCA9091C
Tuning Start Add=010000
Tuning End Add=011FFB
[Noise Peak To Peak(With Panel)]
Enable=1
Retry Count=0
Frame Count=30
NL Test=0
SPEC Option=0
SPEC=0x0
Benchmark_TotalThreshold_Max=0
Benchmark_TotalThreshold_Min=0
Type Option=0
Max=120
Min=0
Trimmed Mean=0
Lowest Percentage=10
Highest Percentage=10
V_TDF=120
H_TDF=120
SRC=1
Skip_Frame=0
BG_Tracking=0
Row_Cook=0
Column_Cook=0
CKH=0
GoldenMode=0
[Noise Peak To Peak(With Panel)_Benchmark_Data]
[Calibration Data(DAC)]
Enable=1
Retry Count=0
Frame Count=1
SPEC Option=0
SPEC=0x0
Benchmark_TotalThreshold_Max=0
Benchmark_TotalThreshold_Min=0
Type Option=0
Max=31
Min=0
Trimmed Mean=0
Lowest Percentage=10
Highest Percentage=10
V_TDF=120
H_TDF=120
CKH=0
Cut Panel=0
GoldenMode=0
[Calibration Data(DAC)_Benchmark_Data]
[Raw Data(No BK)]
Enable=1
Retry Count=0
Frame Count=1
SPEC Option=0
SPEC=0x0
Benchmark_TotalThreshold_Max=0
Benchmark_TotalThreshold_Min=0
Type Option=1
Max=65535
Min=0
Trimmed Mean=0
Lowest Percentage=10
Highest Percentage=10
V_TDF=120
H_TDF=120
CKH=0
Cut Panel=0
GoldenMode=1
[Raw Data(No BK)_Benchmark_Data]
0,4401,30,25;1,2860,30,25;1,3595,30,25;1,3569,30,25;1,3554,30,25;1,3508,30,25;1,3477,30,25;1,3419,30,25;1,3410,30,25;1,3544,30,25;1,3543,30,25;1,3582,30,25;1,3635,30,25;1,3668,30,25;1,3694,30,25;1,3698,30,25;1,3686,30,30;1,3712,30,30
1,3170,30,25;1,2920,30,25;1,3211,30,25;1,3197,30,25;1,3188,30,25;1,3144,30,25;1,3110,30,25;1,3054,30,25;1,3047,30,25;1,3167,30,25;1,3172,30,25;1,3210,30,25;1,3264,30,25;1,3299,30,25;1,3318,30,25;1,3321,30,25;1,3302,30,30;1,3346,30,30
1,3156,30,25;1,3160,30,25;1,3161,30,25;1,3165,30,25;1,3158,30,25;1,3113,30,25;1,3084,30,25;1,3027,30,25;1,3021,30,25;1,3148,30,25;1,3151,30,25;1,3189,30,25;1,3241,30,25;1,3274,30,25;1,3291,30,25;1,3293,30,25;1,3275,30,30;1,3317,30,30
1,3143,30,25;1,3157,30,25;1,3185,30,25;1,3191,30,25;1,3182,30,25;1,3139,30,25;1,3105,30,25;1,3049,30,25;1,3043,30,25;1,3176,30,25;1,3180,30,25;1,3219,30,25;1,3269,30,25;1,3309,30,25;1,3325,30,25;1,3328,30,25;1,3307,30,30;1,3348,30,30
1,3135,30,25;1,3143,30,25;1,3170,30,25;1,3173,30,25;1,3166,30,25;1,3121,30,25;1,3091,30,25;1,3034,30,25;1,3029,30,25;1,3165,30,25;1,3173,30,25;1,3212,30,25;1,3260,30,25;1,3298,30,25;1,3313,30,25;1,3316,30,25;1,3296,30,30;1,3304,30,30
1,3158,30,25;1,3175,30,25;1,3191,30,25;1,3204,30,25;1,3193,30,25;1,3149,30,25;1,3115,30,25;1,3059,30,25;1,3053,30,25;1,3194,30,25;1,3198,30,25;1,3238,30,25;1,3283,30,25;1,3327,30,25;1,3343,30,25;1,3348,30,25;1,3329,30,30;1,3335,30,30
1,3142,30,25;1,3153,30,25;1,3175,30,25;1,3177,30,25;1,3169,30,25;1,3123,30,25;1,3093,30,25;1,3038,30,25;1,3034,30,25;1,3163,30,25;1,3171,30,25;1,3211,30,25;1,3254,30,25;1,3295,30,25;1,3311,30,25;1,3314,30,25;1,3296,30,30;1,3304,30,30
1,2999,30,25;1,3012,30,25;1,3034,30,25;1,3043,30,25;1,3035,30,25;1,2991,30,25;1,2956,30,25;1,2901,30,25;1,2898,30,25;1,3035,30,25;1,3041,30,25;1,3081,30,25;1,3125,30,25;1,3169,30,25;1,3182,30,25;1,3184,30,25;1,3163,30,30;1,3172,30,30
1,3125,30,25;1,3137,30,25;1,3163,30,25;1,3163,30,25;1,3155,30,25;1,3109,30,25;1,3078,30,25;1,3023,30,25;1,3020,30,25;1,3152,30,25;1,3160,30,25;1,3200,30,25;1,3246,30,25;1,3286,30,25;1,3298,30,25;1,3300,30,25;1,3270,30,30;1,3289,30,30
1,3177,30,25;1,3194,30,25;1,3209,30,25;1,3216,30,25;1,3206,30,25;1,3160,30,25;1,3124,30,25;1,3070,30,25;1,3066,30,25;1,3200,30,25;1,3205,30,25;1,3247,30,25;1,3289,30,25;1,3335,30,25;1,3350,30,25;1,3354,30,25;1,3334,30,30;1,3337,30,30
1,3169,30,25;1,3182,30,25;1,3195,30,25;1,3193,30,25;1,3181,30,25;1,3137,30,25;1,3105,30,25;1,3051,30,25;1,3047,30,25;1,3177,30,25;1,3183,30,25;1,3225,30,25;1,3269,30,25;1,3309,30,25;1,3323,30,25;1,3326,30,25;1,3310,30,30;1,3321,30,30
1,3196,30,25;1,3213,30,25;1,3218,30,25;1,3223,30,25;1,3210,30,25;1,3163,30,25;1,3128,30,25;1,3074,30,25;1,3071,30,25;1,3206,30,25;1,3208,30,25;1,3251,30,25;1,3275,30,25;1,3338,30,25;1,3354,30,25;1,3359,30,25;1,3340,30,30;1,3351,30,30
1,3177,30,25;1,3192,30,25;1,3199,30,25;1,3198,30,25;1,3183,30,25;1,3137,30,25;1,3105,30,25;1,3053,30,25;1,3049,30,25;1,3185,30,25;1,3190,30,25;1,3233,30,25;1,3271,30,25;1,3315,30,25;1,3330,30,25;1,3335,30,25;1,3318,30,30;1,3328,30,30
1,3181,30,25;1,3203,30,25;1,3202,30,25;1,3209,30,25;1,3196,30,25;1,3150,30,25;1,3113,30,25;1,3061,30,25;1,3059,30,25;1,3198,30,25;1,3201,30,25;1,3244,30,25;1,3272,30,25;1,3333,30,25;1,3346,30,25;1,3325,30,25;1,3330,30,30;1,3339,30,30
1,3158,30,25;1,3174,30,25;1,3176,30,25;1,3181,30,25;1,3167,30,25;1,3121,30,25;1,3087,30,25;1,3036,30,25;1,3033,30,25;1,3166,30,25;1,3170,30,25;1,3214,30,25;1,3251,30,25;1,3298,30,25;1,3310,30,25;1,3307,30,25;1,3282,30,30;1,3304,30,30
1,3343,30,25;1,3370,30,25;1,3368,30,25;1,3374,30,25;1,3359,30,25;1,3313,30,25;1,3272,30,25;1,3222,30,25;1,3219,30,25;1,3550,30,25;1,3552,30,25;1,3586,30,25;1,3641,30,25;1,3690,30,25;1,3704,30,25;1,3696,30,25;1,3693,30,30;1,3691,30,30
1,3339,30,25;1,3351,30,25;1,3354,30,25;1,3357,30,25;1,3342,30,25;1,3295,30,25;1,3259,30,25;1,3208,30,25;1,3205,30,25;1,3528,30,25;1,3531,30,25;1,3578,30,25;1,3616,30,25;1,3665,30,25;1,3678,30,25;1,3677,30,25;1,3669,30,30;1,3668,30,30
1,3187,30,25;1,3201,30,25;1,3202,30,25;1,3208,30,25;1,3192,30,25;1,3146,30,25;1,3109,30,25;1,3060,30,25;1,3057,30,25;1,3188,30,25;1,3189,30,25;1,3234,30,25;1,3273,30,25;1,3320,30,25;1,3334,30,25;1,3323,30,25;1,3319,30,30;1,3313,30,30
1,3167,30,25;1,3176,30,25;1,3180,30,25;1,3185,30,25;1,3168,30,25;1,3122,30,25;1,3088,30,25;1,3040,30,25;1,3037,30,25;1,3165,30,25;1,3168,30,25;1,3214,30,25;1,3249,30,25;1,3295,30,25;1,3310,30,25;1,3301,30,25;1,3295,30,30;1,3307,30,30
1,3184,30,25;1,3197,30,25;1,3199,30,25;1,3206,30,25;1,3191,30,25;1,3145,30,25;1,3105,30,25;1,3058,30,25;1,3057,30,25;1,3187,30,25;1,3187,30,25;1,3233,30,25;1,3273,30,25;1,3321,30,25;1,3332,30,25;1,3320,30,25;1,3316,30,30;1,3318,30,30
1,3170,30,25;1,3176,30,25;1,3186,30,25;1,3186,30,25;1,3172,30,25;1,3127,30,25;1,3089,30,25;1,3043,30,25;1,3040,30,25;1,3171,30,25;1,3172,30,25;1,3219,30,25;1,3254,30,25;1,3301,30,25;1,3315,30,25;1,3303,30,25;1,3296,30,30;1,3310,30,30
1,3195,30,25;1,3198,30,25;1,3196,30,25;1,3211,30,25;1,3197,30,25;1,3131,30,25;1,3109,30,25;1,3063,30,25;1,3061,30,25;1,3198,30,25;1,3198,30,25;1,3247,30,25;1,3285,30,25;1,3332,30,25;1,3343,30,25;1,3331,30,25;1,3325,30,30;1,3327,30,30
1,3174,30,25;1,3174,30,25;1,3189,30,25;1,3184,30,25;1,3171,30,25;1,3122,30,25;1,3086,30,25;1,3042,30,25;1,3040,30,25;1,3174,30,25;1,3173,30,25;1,3221,30,25;1,3254,30,25;1,3300,30,25;1,3312,30,25;1,3300,30,25;1,3296,30,30;1,3308,30,30
1,3211,30,25;1,3210,30,25;1,3227,30,25;1,3220,30,25;1,3205,30,25;1,3142,30,25;1,3118,30,25;1,3074,30,25;1,3073,30,25;1,3199,30,25;1,3198,30,25;1,3248,30,25;1,3284,30,25;1,3330,30,25;1,3341,30,25;1,3332,30,25;1,3327,30,30;1,3338,30,30
1,3559,30,25;1,3557,30,25;1,3572,30,25;1,3560,30,25;1,3542,30,25;1,3499,30,25;1,3456,30,25;1,3411,30,25;1,3411,30,25;1,3563,30,25;1,3560,30,25;1,3612,30,25;1,3645,30,25;1,3693,30,25;1,3709,30,25;1,3703,30,25;1,3696,30,30;1,3673,30,30
1,3477,30,25;1,3473,30,25;1,3491,30,25;1,3484,30,25;1,3468,30,25;1,3419,30,25;1,3380,30,25;1,3337,30,25;1,3336,30,25;1,3491,30,25;1,3488,30,25;1,3539,30,25;1,3578,30,25;1,3621,30,25;1,3629,30,25;1,3617,30,25;1,3613,30,30;1,3183,30,30
1,3043,30,25;1,3022,30,25;1,3054,30,25;1,3052,30,25;1,3038,30,25;1,3001,30,25;1,2959,30,25;1,2919,30,25;1,2915,30,25;1,3066,30,25;1,3065,30,25;1,3115,30,25;1,3146,30,25;1,3190,30,25;1,3192,30,25;1,3183,30,25;1,3174,30,30;1,3086,30,30
1,2969,30,25;1,2953,30,25;1,2975,30,25;1,2973,30,25;1,2961,30,25;1,2917,30,25;1,2877,30,25;1,2838,30,25;1,2837,30,25;1,2993,30,25;1,2990,30,25;1,3040,30,25;1,3076,30,25;1,3118,30,25;1,3121,30,25;1,3104,30,25;1,3100,30,30;1,3128,30,30
1,2923,30,25;1,2910,30,25;1,2933,30,25;1,2932,30,25;1,2922,30,25;1,2880,30,25;1,2841,30,25;1,2803,30,25;1,2800,30,25;1,2961,30,25;1,2957,30,25;1,3008,30,25;1,3037,30,25;1,3080,30,25;1,3081,30,25;1,3068,30,25;1,3061,30,30;1,3216,30,30
1,3079,30,25;1,3081,30,25;1,3102,30,25;1,3099,30,25;1,3085,30,25;1,3041,30,25;1,3001,30,25;1,2964,30,25;1,2963,30,25;1,3112,30,25;1,3109,30,25;1,3161,30,25;1,3194,30,25;1,3237,30,25;1,3241,30,25;1,3218,30,25;1,3220,30,30;1,3213,30,30
1,3072,30,25;1,3073,30,25;1,3092,30,25;1,3090,30,25;1,3078,30,25;1,3038,30,25;1,2996,30,25;1,2960,30,25;1,2958,30,25;1,3105,30,25;1,3103,30,25;1,3156,30,25;1,3183,30,25;1,3227,30,25;1,3229,30,25;1,3215,30,25;1,3209,30,30;1,3245,30,30
1,3106,30,25;1,3107,30,25;1,3131,30,25;1,3129,30,25;1,3114,30,25;1,3074,30,25;1,3028,30,25;1,2994,30,25;1,2991,30,25;1,3142,30,25;1,3139,30,25;1,3193,30,25;1,3225,30,25;1,3267,30,25;1,3269,30,25;1,3238,30,25;1,3244,30,30;1,3117,30,30
1,3015,30,25;1,3013,30,25;1,3033,30,25;1,3032,30,25;1,3021,30,25;1,2986,30,25;1,2938,30,25;1,2904,30,25;1,2909,30,25;1,3057,30,25;1,3055,30,25;1,3109,30,25;1,3137,30,25;1,3177,30,25;1,3177,30,25;1,3162,30,25;1,3154,30,30;1,3162,30,30
1,2996,30,25;1,2992,30,25;1,3018,30,25;1,3016,30,25;1,3002,30,25;1,2967,30,25;1,2918,30,25;1,2885,30,25;1,2886,30,25;1,3043,30,25;1,3040,30,25;1,3095,30,25;1,3128,30,25;1,3166,30,25;1,3168,30,25;1,3150,30,25;1,3141,30,30;1,3270,30,30
1,3133,30,25;1,3108,30,25;1,3131,30,25;1,3130,30,25;1,3114,30,25;1,3084,30,25;1,3034,30,25;1,3001,30,25;1,3005,30,25;1,3167,30,25;1,3164,30,25;1,3221,30,25;1,3248,30,25;1,3289,30,25;1,3289,30,25;1,3272,30,25;1,3262,30,30;1,3772,30,30
1,3759,30,25;1,3642,30,25;1,3660,30,25;1,3656,30,25;1,3639,30,25;1,3604,30,25;1,3554,30,25;1,3524,30,25;1,3525,30,25;1,3698,30,25;1,3697,30,25;1,3753,30,25;1,3785,30,25;1,3824,30,25;1,3828,30,25;1,3810,30,25;1,3801,30,30;1,3954,30,30
[Open Test_C]
Enable=1
Retry Count=0
Frame Count=1
SPEC Option=0
SPEC=0x0
Benchmark_TotalThreshold_Max=0
Benchmark_TotalThreshold_Min=0
Type Option=1
Max=2000
Min=0
Trimmed Mean=0
Lowest Percentage=10
Highest Percentage=10
CKH=1
Cut Panel=0
V_CAP_DAC_TDF=120
V_CAP_RAW_TDF=120
H_CAP_DAC_TDF=120
H_CAP_RAW_TDF=120
Accuracy=1
Gain=4
TVCH=25
TVCL=21
GoldenMode=1
[Open Test_C_Benchmark_Data]
0,264,30,30;1,306,30,30;1,353,30,30;1,353,30,30;1,353,30,30;1,353,30,30;1,353,30,30;1,349,30,30;1,343,30,30;1,329,30,30;1,335,30,30;1,340,30,30;1,340,30,30;1,340,30,30;1,341,30,30;1,342,30,30;1,342,30,30;1,336,30,30
1,328,30,30;1,327,30,30;1,351,30,30;1,350,30,30;1,350,30,30;1,351,30,30;1,350,30,30;1,347,30,30;1,341,30,30;1,326,30,30;1,331,30,30;1,337,30,30;1,337,30,30;1,337,30,30;1,338,30,30;1,339,30,30;1,339,30,30;1,334,30,30
1,332,30,30;1,348,30,30;1,353,30,30;1,352,30,30;1,353,30,30;1,353,30,30;1,353,30,30;1,349,30,30;1,343,30,30;1,328,30,30;1,334,30,30;1,339,30,30;1,340,30,30;1,339,30,30;1,340,30,30;1,341,30,30;1,341,30,30;1,336,30,30
1,334,30,30;1,350,30,30;1,355,30,30;1,355,30,30;1,355,30,30;1,355,30,30;1,355,30,30;1,351,30,30;1,345,30,30;1,331,30,30;1,336,30,30;1,341,30,30;1,342,30,30;1,342,30,30;1,342,30,30;1,344,30,30;1,343,30,30;1,337,30,30
1,336,30,30;1,352,30,30;1,357,30,30;1,357,30,30;1,357,30,30;1,357,30,30;1,357,30,30;1,353,30,30;1,347,30,30;1,332,30,30;1,338,30,30;1,343,30,30;1,344,30,30;1,343,30,30;1,344,30,30;1,345,30,30;1,345,30,30;1,337,30,30
1,339,30,30;1,355,30,30;1,359,30,30;1,359,30,30;1,359,30,30;1,359,30,30;1,359,30,30;1,355,30,30;1,349,30,30;1,335,30,30;1,341,30,30;1,345,30,30;1,346,30,30;1,346,30,30;1,346,30,30;1,348,30,30;1,347,30,30;1,340,30,30
1,342,30,30;1,357,30,30;1,362,30,30;1,361,30,30;1,361,30,30;1,362,30,30;1,361,30,30;1,358,30,30;1,352,30,30;1,337,30,30;1,343,30,30;1,347,30,30;1,348,30,30;1,347,30,30;1,348,30,30;1,349,30,30;1,349,30,30;1,342,30,30
1,342,30,30;1,358,30,30;1,362,30,30;1,362,30,30;1,362,30,30;1,362,30,30;1,362,30,30;1,358,30,30;1,352,30,30;1,337,30,30;1,343,30,30;1,347,30,30;1,348,30,30;1,348,30,30;1,348,30,30;1,349,30,30;1,349,30,30;1,342,30,30
1,347,30,30;1,363,30,30;1,367,30,30;1,366,30,30;1,366,30,30;1,367,30,30;1,366,30,30;1,362,30,30;1,357,30,30;1,341,30,30;1,346,30,30;1,351,30,30;1,352,30,30;1,351,30,30;1,352,30,30;1,353,30,30;1,353,30,30;1,345,30,30
1,351,30,30;1,367,30,30;1,370,30,30;1,370,30,30;1,370,30,30;1,370,30,30;1,370,30,30;1,366,30,30;1,360,30,30;1,344,30,30;1,349,30,30;1,354,30,30;1,355,30,30;1,354,30,30;1,355,30,30;1,356,30,30;1,356,30,30;1,347,30,30
1,352,30,30;1,369,30,30;1,370,30,30;1,369,30,30;1,369,30,30;1,370,30,30;1,369,30,30;1,365,30,30;1,359,30,30;1,346,30,30;1,351,30,30;1,356,30,30;1,356,30,30;1,356,30,30;1,357,30,30;1,358,30,30;1,358,30,30;1,350,30,30
1,356,30,30;1,371,30,30;1,372,30,30;1,372,30,30;1,372,30,30;1,372,30,30;1,372,30,30;1,368,30,30;1,362,30,30;1,347,30,30;1,353,30,30;1,357,30,30;1,358,30,30;1,358,30,30;1,358,30,30;1,359,30,30;1,359,30,30;1,353,30,30
1,358,30,30;1,373,30,30;1,374,30,30;1,374,30,30;1,374,30,30;1,374,30,30;1,374,30,30;1,370,30,30;1,364,30,30;1,349,30,30;1,354,30,30;1,359,30,30;1,360,30,30;1,359,30,30;1,360,30,30;1,361,30,30;1,360,30,30;1,354,30,30
1,361,30,30;1,376,30,30;1,376,30,30;1,376,30,30;1,376,30,30;1,376,30,30;1,376,30,30;1,372,30,30;1,366,30,30;1,351,30,30;1,357,30,30;1,361,30,30;1,362,30,30;1,361,30,30;1,362,30,30;1,363,30,30;1,362,30,30;1,357,30,30
1,363,30,30;1,379,30,30;1,378,30,30;1,378,30,30;1,378,30,30;1,378,30,30;1,378,30,30;1,374,30,30;1,368,30,30;1,353,30,30;1,358,30,30;1,363,30,30;1,364,30,30;1,363,30,30;1,364,30,30;1,364,30,30;1,364,30,30;1,359,30,30
1,368,30,30;1,384,30,30;1,382,30,30;1,382,30,30;1,382,30,30;1,383,30,30;1,382,30,30;1,378,30,30;1,372,30,30;1,360,30,30;1,365,30,30;1,370,30,30;1,371,30,30;1,370,30,30;1,371,30,30;1,371,30,30;1,372,30,30;1,366,30,30
1,371,30,30;1,386,30,30;1,383,30,30;1,384,30,30;1,384,30,30;1,385,30,30;1,384,30,30;1,380,30,30;1,373,30,30;1,361,30,30;1,367,30,30;1,372,30,30;1,372,30,30;1,372,30,30;1,372,30,30;1,372,30,30;1,374,30,30;1,367,30,30
1,371,30,30;1,386,30,30;1,385,30,30;1,384,30,30;1,385,30,30;1,385,30,30;1,385,30,30;1,381,30,30;1,374,30,30;1,359,30,30;1,365,30,30;1,369,30,30;1,370,30,30;1,369,30,30;1,370,30,30;1,371,30,30;1,371,30,30;1,365,30,30
1,374,30,30;1,389,30,30;1,388,30,30;1,386,30,30;1,387,30,30;1,388,30,30;1,387,30,30;1,382,30,30;1,376,30,30;1,361,30,30;1,367,30,30;1,371,30,30;1,372,30,30;1,371,30,30;1,371,30,30;1,373,30,30;1,373,30,30;1,367,30,30
1,377,30,30;1,392,30,30;1,391,30,30;1,388,30,30;1,390,30,30;1,390,30,30;1,390,30,30;1,385,30,30;1,378,30,30;1,364,30,30;1,369,30,30;1,374,30,30;1,374,30,30;1,374,30,30;1,373,30,30;1,375,30,30;1,376,30,30;1,370,30,30
1,380,30,30;1,393,30,30;1,392,30,30;1,391,30,30;1,391,30,30;1,392,30,30;1,391,30,30;1,387,30,30;1,380,30,30;1,365,30,30;1,371,30,30;1,375,30,30;1,376,30,30;1,375,30,30;1,376,30,30;1,377,30,30;1,378,30,30;1,371,30,30
1,383,30,30;1,397,30,30;1,395,30,30;1,395,30,30;1,394,30,30;1,395,30,30;1,395,30,30;1,390,30,30;1,382,30,30;1,368,30,30;1,374,30,30;1,378,30,30;1,379,30,30;1,377,30,30;1,379,30,30;1,380,30,30;1,380,30,30;1,374,30,30
1,386,30,30;1,399,30,30;1,398,30,30;1,397,30,30;1,395,30,30;1,397,30,30;1,397,30,30;1,392,30,30;1,385,30,30;1,371,30,30;1,376,30,30;1,381,30,30;1,381,30,30;1,379,30,30;1,381,30,30;1,383,30,30;1,383,30,30;1,376,30,30
1,390,30,30;1,403,30,30;1,402,30,30;1,400,30,30;1,400,30,30;1,400,30,30;1,400,30,30;1,395,30,30;1,388,30,30;1,373,30,30;1,379,30,30;1,383,30,30;1,384,30,30;1,383,30,30;1,384,30,30;1,385,30,30;1,386,30,30;1,379,30,30
1,398,30,30;1,411,30,30;1,410,30,30;1,409,30,30;1,408,30,30;1,408,30,30;1,408,30,30;1,403,30,30;1,396,30,30;1,380,30,30;1,386,30,30;1,390,30,30;1,390,30,30;1,391,30,30;1,392,30,30;1,393,30,30;1,393,30,30;1,379,30,30
1,401,30,30;1,412,30,30;1,412,30,30;1,411,30,30;1,411,30,30;1,410,30,30;1,410,30,30;1,406,30,30;1,398,30,30;1,383,30,30;1,388,30,30;1,393,30,30;1,392,30,30;1,393,30,30;1,394,30,30;1,394,30,30;1,394,30,30;1,375,30,30
1,399,30,30;1,410,30,30;1,410,30,30;1,409,30,30;1,409,30,30;1,409,30,30;1,408,30,30;1,404,30,30;1,396,30,30;1,380,30,30;1,386,30,30;1,390,30,30;1,390,30,30;1,390,30,30;1,391,30,30;1,391,30,30;1,391,30,30;1,377,30,30
1,401,30,30;1,411,30,30;1,411,30,30;1,410,30,30;1,411,30,30;1,411,30,30;1,409,30,30;1,404,30,30;1,397,30,30;1,382,30,30;1,387,30,30;1,391,30,30;1,393,30,30;1,392,30,30;1,393,30,30;1,393,30,30;1,393,30,30;1,382,30,30
1,405,30,30;1,415,30,30;1,415,30,30;1,414,30,30;1,414,30,30;1,414,30,30;1,412,30,30;1,409,30,30;1,401,30,30;1,385,30,30;1,391,30,30;1,394,30,30;1,397,30,30;1,396,30,30;1,396,30,30;1,397,30,30;1,396,30,30;1,388,30,30
1,410,30,30;1,421,30,30;1,421,30,30;1,420,30,30;1,420,30,30;1,420,30,30;1,419,30,30;1,414,30,30;1,406,30,30;1,390,30,30;1,395,30,30;1,400,30,30;1,401,30,30;1,401,30,30;1,401,30,30;1,401,30,30;1,401,30,30;1,392,30,30
1,413,30,30;1,424,30,30;1,424,30,30;1,423,30,30;1,424,30,30;1,424,30,30;1,423,30,30;1,416,30,30;1,409,30,30;1,392,30,30;1,398,30,30;1,404,30,30;1,404,30,30;1,404,30,30;1,404,30,30;1,404,30,30;1,404,30,30;1,397,30,30
1,416,30,30;1,427,30,30;1,427,30,30;1,426,30,30;1,427,30,30;1,427,30,30;1,426,30,30;1,419,30,30;1,412,30,30;1,396,30,30;1,400,30,30;1,407,30,30;1,408,30,30;1,407,30,30;1,407,30,30;1,407,30,30;1,407,30,30;1,400,30,30
1,417,30,30;1,428,30,30;1,428,30,30;1,427,30,30;1,428,30,30;1,429,30,30;1,427,30,30;1,422,30,30;1,414,30,30;1,397,30,30;1,404,30,30;1,410,30,30;1,410,30,30;1,409,30,30;1,410,30,30;1,410,30,30;1,409,30,30;1,405,30,30
1,420,30,30;1,430,30,30;1,431,30,30;1,430,30,30;1,431,30,30;1,432,30,30;1,431,30,30;1,425,30,30;1,415,30,30;1,401,30,30;1,408,30,30;1,413,30,30;1,414,30,30;1,413,30,30;1,413,30,30;1,413,30,30;1,412,30,30;1,411,30,30
1,419,30,30;1,435,30,30;1,435,30,30;1,435,30,30;1,436,30,30;1,437,30,30;1,436,30,30;1,430,30,30;1,420,30,30;1,405,30,30;1,413,30,30;1,419,30,30;1,419,30,30;1,418,30,30;1,418,30,30;1,418,30,30;1,416,30,30;1,418,30,30
1,422,30,30;1,445,30,30;1,446,30,30;1,446,30,30;1,447,30,30;1,447,30,30;1,447,30,30;1,441,30,30;1,433,30,30;1,419,30,30;1,425,30,30;1,431,30,30;1,431,30,30;1,429,30,30;1,429,30,30;1,429,30,30;1,427,30,30;1,412,30,30
[Short Test]
Enable=1
Retry Count=0
Frame Count=1
SPEC Option=0
SPEC=0x0
Benchmark_TotalThreshold_Max=0
Benchmark_TotalThreshold_Min=0
Type Option=0
Min=1000
Trimmed Mean=0
Lowest Percentage=10
Highest Percentage=10
V_TDF_1=2.82
V_TDF_2=1.72
H_TDF_1=2.82
H_TDF_2=1.72
SRC=3
Output Raw Data=1
VCOM=4
CKH=1
Cut Panel=0
GoldenMode=0
[Short Test_Benchmark_Data]
[Doze Raw Data]
Enable=1
Retry Count=0
Frame Count=1
SPEC Option=1
SPEC=0x0
Benchmark_TotalThreshold_Max=0
Benchmark_TotalThreshold_Min=0
Type Option=0
Max=11142
Min=6422
Trimmed Mean=0
Lowest Percentage=10
Highest Percentage=10
CKH=0
Cut Panel=0
GoldenMode=0
[Doze Raw Data_Benchmark_Data]
1,5847,4690,0;0,0,0,0;0,0,0,0;1,5847,4690,0;0,0,0,0;0,0,0,0;1,5847,4690,0;0,0,0,0;0,0,0,0;1,5847,4690,0;0,0,0,0;0,0,0,0;1,5847,4690,0;0,0,0,0;0,0,0,0;1,5847,4690,0;0,0,0,0;0,0,0,0
1,5847,4690,0;0,0,0,0;0,0,0,0;1,5847,4690,0;0,0,0,0;0,0,0,0;1,5847,4690,0;0,0,0,0;0,0,0,0;1,5847,4690,0;0,0,0,0;0,0,0,0;1,5847,4690,0;0,0,0,0;0,0,0,0;1,5847,4690,0;0,0,0,0;0,0,0,0
1,5847,4690,0;0,0,0,0;0,0,0,0;1,5847,4690,0;0,0,0,0;0,0,0,0;1,5847,4690,0;0,0,0,0;0,0,0,0;1,5847,4690,0;0,0,0,0;0,0,0,0;1,5847,4690,0;0,0,0,0;0,0,0,0;1,5847,4690,0;0,0,0,0;0,0,0,0
1,5847,4690,0;0,0,0,0;0,0,0,0;1,5847,4690,0;0,0,0,0;0,0,0,0;1,5847,4690,0;0,0,0,0;0,0,0,0;1,5847,4690,0;0,0,0,0;0,0,0,0;1,5847,4690,0;0,0,0,0;0,0,0,0;1,5847,4690,0;0,0,0,0;0,0,0,0
1,5847,4690,0;0,0,0,0;0,0,0,0;1,5847,4690,0;0,0,0,0;0,0,0,0;1,5847,4690,0;0,0,0,0;0,0,0,0;1,5847,4690,0;0,0,0,0;0,0,0,0;1,5847,4690,0;0,0,0,0;0,0,0,0;1,5847,4690,0;0,0,0,0;0,0,0,0
1,5847,4690,0;0,0,0,0;0,0,0,0;1,5847,4690,0;0,0,0,0;0,0,0,0;1,5847,4690,0;0,0,0,0;0,0,0,0;1,5847,4690,0;0,0,0,0;0,0,0,0;1,5847,4690,0;0,0,0,0;0,0,0,0;1,5847,4690,0;0,0,0,0;0,0,0,0
1,5847,4690,0;0,0,0,0;0,0,0,0;1,5847,4690,0;0,0,0,0;0,0,0,0;1,5847,4690,0;0,0,0,0;0,0,0,0;1,5847,4690,0;0,0,0,0;0,0,0,0;1,5847,4690,0;0,0,0,0;0,0,0,0;1,5847,4690,0;0,0,0,0;0,0,0,0
1,5847,4690,0;0,0,0,0;0,0,0,0;1,5847,4690,0;0,0,0,0;0,0,0,0;1,5847,4690,0;0,0,0,0;0,0,0,0;1,5847,4690,0;0,0,0,0;0,0,0,0;1,5847,4690,0;0,0,0,0;0,0,0,0;1,5847,4690,0;0,0,0,0;0,0,0,0
1,5847,4690,0;0,0,0,0;0,0,0,0;1,5847,4690,0;0,0,0,0;0,0,0,0;1,5847,4690,0;0,0,0,0;0,0,0,0;1,5847,4690,0;0,0,0,0;0,0,0,0;1,5847,4690,0;0,0,0,0;0,0,0,0;1,5847,4690,0;0,0,0,0;0,0,0,0
1,5847,4690,0;0,0,0,0;0,0,0,0;1,5847,4690,0;0,0,0,0;0,0,0,0;1,5847,4690,0;0,0,0,0;0,0,0,0;1,5847,4690,0;0,0,0,0;0,0,0,0;1,5847,4690,0;0,0,0,0;0,0,0,0;1,5847,4690,0;0,0,0,0;0,0,0,0
1,5847,4690,0;0,0,0,0;0,0,0,0;1,5847,4690,0;0,0,0,0;0,0,0,0;1,5847,4690,0;0,0,0,0;0,0,0,0;1,5847,4690,0;0,0,0,0;0,0,0,0;1,5847,4690,0;0,0,0,0;0,0,0,0;1,5847,4690,0;0,0,0,0;0,0,0,0
1,5847,4690,0;0,0,0,0;0,0,0,0;1,5847,4690,0;0,0,0,0;0,0,0,0;1,5847,4690,0;0,0,0,0;0,0,0,0;1,5847,4690,0;0,0,0,0;0,0,0,0;1,5847,4690,0;0,0,0,0;0,0,0,0;1,5847,4690,0;0,0,0,0;0,0,0,0
1,5847,4690,0;0,0,0,0;0,0,0,0;1,5847,4690,0;0,0,0,0;0,0,0,0;1,5847,4690,0;0,0,0,0;0,0,0,0;1,5847,4690,0;0,0,0,0;0,0,0,0;1,5847,4690,0;0,0,0,0;0,0,0,0;1,5847,4690,0;0,0,0,0;0,0,0,0
1,5847,4690,0;0,0,0,0;0,0,0,0;1,5847,4690,0;0,0,0,0;0,0,0,0;1,5847,4690,0;0,0,0,0;0,0,0,0;1,5847,4690,0;0,0,0,0;0,0,0,0;1,5847,4690,0;0,0,0,0;0,0,0,0;1,5847,4690,0;0,0,0,0;0,0,0,0
1,5847,4690,0;0,0,0,0;0,0,0,0;1,5847,4690,0;0,0,0,0;0,0,0,0;1,5847,4690,0;0,0,0,0;0,0,0,0;1,5847,4690,0;0,0,0,0;0,0,0,0;1,5847,4690,0;0,0,0,0;0,0,0,0;1,5847,4690,0;0,0,0,0;0,0,0,0
1,5847,4690,0;0,0,0,0;0,0,0,0;1,5847,4690,0;0,0,0,0;0,0,0,0;1,5847,4690,0;0,0,0,0;0,0,0,0;1,5847,4690,0;0,0,0,0;0,0,0,0;1,5847,4690,0;0,0,0,0;0,0,0,0;1,5847,4690,0;0,0,0,0;0,0,0,0
1,5847,4690,0;0,0,0,0;0,0,0,0;1,5847,4690,0;0,0,0,0;0,0,0,0;1,5847,4690,0;0,0,0,0;0,0,0,0;1,5847,4690,0;0,0,0,0;0,0,0,0;1,5847,4690,0;0,0,0,0;0,0,0,0;1,5847,4690,0;0,0,0,0;0,0,0,0
1,5847,4690,0;0,0,0,0;0,0,0,0;1,5847,4690,0;0,0,0,0;0,0,0,0;1,5847,4690,0;0,0,0,0;0,0,0,0;1,5847,4690,0;0,0,0,0;0,0,0,0;1,5847,4690,0;0,0,0,0;0,0,0,0;1,5847,4690,0;0,0,0,0;0,0,0,0
1,5847,4690,0;0,0,0,0;0,0,0,0;1,5847,4690,0;0,0,0,0;0,0,0,0;1,5847,4690,0;0,0,0,0;0,0,0,0;1,5847,4690,0;0,0,0,0;0,0,0,0;1,5847,4690,0;0,0,0,0;0,0,0,0;1,5847,4690,0;0,0,0,0;0,0,0,0
1,5847,4690,0;0,0,0,0;0,0,0,0;1,5847,4690,0;0,0,0,0;0,0,0,0;1,5847,4690,0;0,0,0,0;0,0,0,0;1,5847,4690,0;0,0,0,0;0,0,0,0;1,5847,4690,0;0,0,0,0;0,0,0,0;1,5847,4690,0;0,0,0,0;0,0,0,0
1,5847,4690,0;0,0,0,0;0,0,0,0;1,5847,4690,0;0,0,0,0;0,0,0,0;1,5847,4690,0;0,0,0,0;0,0,0,0;1,5847,4690,0;0,0,0,0;0,0,0,0;1,5847,4690,0;0,0,0,0;0,0,0,0;1,5847,4690,0;0,0,0,0;0,0,0,0
1,5847,4690,0;0,0,0,0;0,0,0,0;1,5847,4690,0;0,0,0,0;0,0,0,0;1,5847,4690,0;0,0,0,0;0,0,0,0;1,5847,4690,0;0,0,0,0;0,0,0,0;1,5847,4690,0;0,0,0,0;0,0,0,0;1,5847,4690,0;0,0,0,0;0,0,0,0
1,5847,4690,0;0,0,0,0;0,0,0,0;1,5847,4690,0;0,0,0,0;0,0,0,0;1,5847,4690,0;0,0,0,0;0,0,0,0;1,5847,4690,0;0,0,0,0;0,0,0,0;1,5847,4690,0;0,0,0,0;0,0,0,0;1,5847,4690,0;0,0,0,0;0,0,0,0
1,5847,4690,0;0,0,0,0;0,0,0,0;1,5847,4690,0;0,0,0,0;0,0,0,0;1,5847,4690,0;0,0,0,0;0,0,0,0;1,5847,4690,0;0,0,0,0;0,0,0,0;1,5847,4690,0;0,0,0,0;0,0,0,0;1,5847,4690,0;0,0,0,0;0,0,0,0
1,5847,4690,0;0,0,0,0;0,0,0,0;1,5847,4690,0;0,0,0,0;0,0,0,0;1,5847,4690,0;0,0,0,0;0,0,0,0;1,5847,4690,0;0,0,0,0;0,0,0,0;1,5847,4690,0;0,0,0,0;0,0,0,0;1,5847,4690,0;0,0,0,0;0,0,0,0
1,5847,4690,0;0,0,0,0;0,0,0,0;1,5847,4690,0;0,0,0,0;0,0,0,0;1,5847,4690,0;0,0,0,0;0,0,0,0;1,5847,4690,0;0,0,0,0;0,0,0,0;1,5847,4690,0;0,0,0,0;0,0,0,0;1,5847,4690,0;0,0,0,0;0,0,0,0
1,5847,4690,0;0,0,0,0;0,0,0,0;1,5847,4690,0;0,0,0,0;0,0,0,0;1,5847,4690,0;0,0,0,0;0,0,0,0;1,5847,4690,0;0,0,0,0;0,0,0,0;1,5847,4690,0;0,0,0,0;0,0,0,0;1,5847,4690,0;0,0,0,0;0,0,0,0
1,5847,4690,0;0,0,0,0;0,0,0,0;1,5847,4690,0;0,0,0,0;0,0,0,0;1,5847,4690,0;0,0,0,0;0,0,0,0;1,5847,4690,0;0,0,0,0;0,0,0,0;1,5847,4690,0;0,0,0,0;0,0,0,0;1,5847,4690,0;0,0,0,0;0,0,0,0
1,5847,4690,0;0,0,0,0;0,0,0,0;1,5847,4690,0;0,0,0,0;0,0,0,0;1,5847,4690,0;0,0,0,0;0,0,0,0;1,5847,4690,0;0,0,0,0;0,0,0,0;1,5847,4690,0;0,0,0,0;0,0,0,0;1,5847,4690,0;0,0,0,0;0,0,0,0
1,5847,4690,0;0,0,0,0;0,0,0,0;1,5847,4690,0;0,0,0,0;0,0,0,0;1,5847,4690,0;0,0,0,0;0,0,0,0;1,5847,4690,0;0,0,0,0;0,0,0,0;1,5847,4690,0;0,0,0,0;0,0,0,0;1,5847,4690,0;0,0,0,0;0,0,0,0
1,5847,4690,0;0,0,0,0;0,0,0,0;1,5847,4690,0;0,0,0,0;0,0,0,0;1,5847,4690,0;0,0,0,0;0,0,0,0;1,5847,4690,0;0,0,0,0;0,0,0,0;1,5847,4690,0;0,0,0,0;0,0,0,0;1,5847,4690,0;0,0,0,0;0,0,0,0
1,5847,4690,0;0,0,0,0;0,0,0,0;1,5847,4690,0;0,0,0,0;0,0,0,0;1,5847,4690,0;0,0,0,0;0,0,0,0;1,5847,4690,0;0,0,0,0;0,0,0,0;1,5847,4690,0;0,0,0,0;0,0,0,0;1,5847,4690,0;0,0,0,0;0,0,0,0
1,5847,4690,0;0,0,0,0;0,0,0,0;1,5847,4690,0;0,0,0,0;0,0,0,0;1,5847,4690,0;0,0,0,0;0,0,0,0;1,5847,4690,0;0,0,0,0;0,0,0,0;1,5847,4690,0;0,0,0,0;0,0,0,0;1,5847,4690,0;0,0,0,0;0,0,0,0
1,5847,4690,0;0,0,0,0;0,0,0,0;1,5847,4690,0;0,0,0,0;0,0,0,0;1,5847,4690,0;0,0,0,0;0,0,0,0;1,5847,4690,0;0,0,0,0;0,0,0,0;1,5847,4690,0;0,0,0,0;0,0,0,0;1,5847,4690,0;0,0,0,0;0,0,0,0
1,5847,4690,0;0,0,0,0;0,0,0,0;1,5847,4690,0;0,0,0,0;0,0,0,0;1,5847,4690,0;0,0,0,0;0,0,0,0;1,5847,4690,0;0,0,0,0;0,0,0,0;1,5847,4690,0;0,0,0,0;0,0,0,0;1,5847,4690,0;0,0,0,0;0,0,0,0
1,5847,4690,0;0,0,0,0;0,0,0,0;1,5847,4690,0;0,0,0,0;0,0,0,0;1,5847,4690,0;0,0,0,0;0,0,0,0;1,5847,4690,0;0,0,0,0;0,0,0,0;1,5847,4690,0;0,0,0,0;0,0,0,0;1,5847,4690,0;0,0,0,0;0,0,0,0
[Doze Peak To Peak]
Enable=1
Retry Count=0
Frame Count=30
NL Test=0
SPEC Option=0
SPEC=0x0
Benchmark_TotalThreshold_Max=0
Benchmark_TotalThreshold_Min=0
Type Option=0
Max=120
Min=0
Trimmed Mean=0
Lowest Percentage=10
Highest Percentage=10
SRC=1
Skip_Frame=0
CKH=0
Cut Panel=0
GoldenMode=0
[Doze Peak To Peak_Benchmark_Data]
[Noise Peak To Peak(With Panel) (LCM OFF)]
Enable=1
Retry Count=0
Frame Count=30
NL Test=0
SPEC Option=0
SPEC=0x0
Benchmark_TotalThreshold_Max=0
Benchmark_TotalThreshold_Min=0
Type Option=0
Max=120
Min=0
Trimmed Mean=0
Lowest Percentage=10
Highest Percentage=10
V_TDF=120
H_TDF=120
SRC=1
Skip_Frame=0
BG_Tracking=0
Row_Cook=0
Column_Cook=0
CKH=0
GoldenMode=0
[Noise Peak To Peak(With Panel) (LCM OFF)_Benchmark_Data]
[Raw Data(No BK) (LCM OFF)]
Enable=1
Retry Count=0
Frame Count=1
SPEC Option=0
SPEC=0x0
Benchmark_TotalThreshold_Max=0
Benchmark_TotalThreshold_Min=0
Type Option=1
Max=65535
Min=0
Trimmed Mean=0
Lowest Percentage=10
Highest Percentage=10
V_TDF=120
H_TDF=120
CKH=0
Cut Panel=0
GoldenMode=1
[Raw Data(No BK) (LCM OFF)_Benchmark_Data]
0,4396,30,25;1,2858,30,25;1,3587,30,25;1,3564,30,25;1,3546,30,25;1,3502,30,25;1,3470,30,25;1,3415,30,25;1,3405,30,25;1,3535,30,25;1,3538,30,25;1,3573,30,25;1,3627,30,25;1,3657,30,25;1,3687,30,25;1,3688,30,25;1,3683,30,30;1,3704,30,30
1,3163,30,25;1,2918,30,25;1,3204,30,25;1,3193,30,25;1,3180,30,25;1,3139,30,25;1,3104,30,25;1,3051,30,25;1,3042,30,25;1,3159,30,25;1,3167,30,25;1,3201,30,25;1,3257,30,25;1,3289,30,25;1,3312,30,25;1,3311,30,25;1,3299,30,30;1,3338,30,30
1,3150,30,25;1,3158,30,25;1,3153,30,25;1,3160,30,25;1,3150,30,25;1,3108,30,25;1,3077,30,25;1,3024,30,25;1,3016,30,25;1,3140,30,25;1,3146,30,25;1,3180,30,25;1,3234,30,25;1,3264,30,25;1,3285,30,25;1,3283,30,25;1,3272,30,30;1,3309,30,30
1,3136,30,25;1,3155,30,25;1,3178,30,25;1,3186,30,25;1,3174,30,25;1,3134,30,25;1,3098,30,25;1,3046,30,25;1,3038,30,25;1,3168,30,25;1,3175,30,25;1,3210,30,25;1,3263,30,25;1,3298,30,25;1,3319,30,25;1,3319,30,25;1,3303,30,30;1,3340,30,30
1,3129,30,25;1,3141,30,25;1,3162,30,25;1,3169,30,25;1,3158,30,25;1,3116,30,25;1,3085,30,25;1,3031,30,25;1,3024,30,25;1,3157,30,25;1,3168,30,25;1,3203,30,25;1,3253,30,25;1,3287,30,25;1,3308,30,25;1,3306,30,25;1,3293,30,30;1,3297,30,30
1,3151,30,25;1,3173,30,25;1,3184,30,25;1,3199,30,25;1,3185,30,25;1,3144,30,25;1,3109,30,25;1,3056,30,25;1,3048,30,25;1,3186,30,25;1,3194,30,25;1,3229,30,25;1,3276,30,25;1,3317,30,25;1,3338,30,25;1,3338,30,25;1,3325,30,30;1,3327,30,30
1,3136,30,25;1,3150,30,25;1,3168,30,25;1,3173,30,25;1,3161,30,25;1,3118,30,25;1,3087,30,25;1,3035,30,25;1,3028,30,25;1,3155,30,25;1,3166,30,25;1,3202,30,25;1,3247,30,25;1,3284,30,25;1,3305,30,25;1,3304,30,25;1,3294,30,30;1,3296,30,30
1,2992,30,25;1,3011,30,25;1,3027,30,25;1,3039,30,25;1,3027,30,25;1,2986,30,25;1,2950,30,25;1,2899,30,25;1,2893,30,25;1,3028,30,25;1,3036,30,25;1,3072,30,25;1,3119,30,25;1,3158,30,25;1,3177,30,25;1,3175,30,25;1,3161,30,30;1,3164,30,30
1,3118,30,25;1,3134,30,25;1,3155,30,25;1,3158,30,25;1,3147,30,25;1,3104,30,25;1,3072,30,25;1,3020,30,25;1,3015,30,25;1,3144,30,25;1,3155,30,25;1,3191,30,25;1,3239,30,25;1,3276,30,25;1,3292,30,25;1,3290,30,25;1,3267,30,30;1,3280,30,30
1,3169,30,25;1,3191,30,25;1,3201,30,25;1,3211,30,25;1,3198,30,25;1,3155,30,25;1,3118,30,25;1,3067,30,25;1,3061,30,25;1,3192,30,25;1,3200,30,25;1,3237,30,25;1,3282,30,25;1,3325,30,25;1,3345,30,25;1,3343,30,25;1,3330,30,30;1,3328,30,30
1,3162,30,25;1,3179,30,25;1,3187,30,25;1,3189,30,25;1,3174,30,25;1,3133,30,25;1,3099,30,25;1,3048,30,25;1,3042,30,25;1,3168,30,25;1,3178,30,25;1,3215,30,25;1,3262,30,25;1,3298,30,25;1,3318,30,25;1,3316,30,25;1,3306,30,30;1,3312,30,30
1,3188,30,25;1,3210,30,25;1,3210,30,25;1,3219,30,25;1,3202,30,25;1,3158,30,25;1,3123,30,25;1,3071,30,25;1,3065,30,25;1,3198,30,25;1,3203,30,25;1,3242,30,25;1,3268,30,25;1,3327,30,25;1,3348,30,25;1,3348,30,25;1,3336,30,30;1,3342,30,30
1,3170,30,25;1,3188,30,25;1,3190,30,25;1,3193,30,25;1,3175,30,25;1,3132,30,25;1,3099,30,25;1,3050,30,25;1,3044,30,25;1,3177,30,25;1,3185,30,25;1,3224,30,25;1,3264,30,25;1,3304,30,25;1,3324,30,25;1,3324,30,25;1,3314,30,30;1,3319,30,30
1,3173,30,25;1,3200,30,25;1,3194,30,25;1,3205,30,25;1,3188,30,25;1,3146,30,25;1,3107,30,25;1,3058,30,25;1,3054,30,25;1,3189,30,25;1,3195,30,25;1,3235,30,25;1,3265,30,25;1,3322,30,25;1,3340,30,25;1,3314,30,25;1,3326,30,30;1,3330,30,30
1,3150,30,25;1,3171,30,25;1,3168,30,25;1,3176,30,25;1,3159,30,25;1,3116,30,25;1,3082,30,25;1,3033,30,25;1,3029,30,25;1,3158,30,25;1,3165,30,25;1,3205,30,25;1,3245,30,25;1,3287,30,25;1,3304,30,25;1,3297,30,25;1,3279,30,30;1,3294,30,30
1,3335,30,25;1,3366,30,25;1,3359,30,25;1,3368,30,25;1,3350,30,25;1,3308,30,25;1,3266,30,25;1,3218,30,25;1,3214,30,25;1,3541,30,25;1,3547,30,25;1,3575,30,25;1,3634,30,25;1,3678,30,25;1,3697,30,25;1,3684,30,25;1,3689,30,30;1,3681,30,30
1,3330,30,25;1,3347,30,25;1,3345,30,25;1,3352,30,25;1,3333,30,25;1,3290,30,25;1,3252,30,25;1,3205,30,25;1,3200,30,25;1,3519,30,25;1,3526,30,25;1,3567,30,25;1,3608,30,25;1,3653,30,25;1,3672,30,25;1,3666,30,25;1,3665,30,30;1,3658,30,30
1,3179,30,25;1,3197,30,25;1,3193,30,25;1,3203,30,25;1,3184,30,25;1,3141,30,25;1,3103,30,25;1,3057,30,25;1,3053,30,25;1,3180,30,25;1,3184,30,25;1,3224,30,25;1,3267,30,25;1,3309,30,25;1,3328,30,25;1,3312,30,25;1,3315,30,30;1,3303,30,30
1,3159,30,25;1,3173,30,25;1,3171,30,25;1,3180,30,25;1,3160,30,25;1,3118,30,25;1,3082,30,25;1,3037,30,25;1,3033,30,25;1,3158,30,25;1,3163,30,25;1,3205,30,25;1,3242,30,25;1,3284,30,25;1,3304,30,25;1,3290,30,25;1,3291,30,30;1,3297,30,30
1,3176,30,25;1,3193,30,25;1,3190,30,25;1,3201,30,25;1,3182,30,25;1,3140,30,25;1,3098,30,25;1,3055,30,25;1,3051,30,25;1,3179,30,25;1,3182,30,25;1,3224,30,25;1,3266,30,25;1,3310,30,25;1,3326,30,25;1,3309,30,25;1,3312,30,30;1,3308,30,30
1,3162,30,25;1,3172,30,25;1,3177,30,25;1,3181,30,25;1,3163,30,25;1,3122,30,25;1,3083,30,25;1,3040,30,25;1,3035,30,25;1,3162,30,25;1,3167,30,25;1,3209,30,25;1,3247,30,25;1,3290,30,25;1,3309,30,25;1,3292,30,25;1,3292,30,30;1,3300,30,30
1,3187,30,25;1,3194,30,25;1,3187,30,25;1,3206,30,25;1,3189,30,25;1,3126,30,25;1,3103,30,25;1,3060,30,25;1,3057,30,25;1,3190,30,25;1,3193,30,25;1,3237,30,25;1,3278,30,25;1,3321,30,25;1,3336,30,25;1,3320,30,25;1,3322,30,30;1,3317,30,30
1,3166,30,25;1,3170,30,25;1,3180,30,25;1,3179,30,25;1,3162,30,25;1,3117,30,25;1,3080,30,25;1,3039,30,25;1,3035,30,25;1,3165,30,25;1,3168,30,25;1,3211,30,25;1,3247,30,25;1,3289,30,25;1,3306,30,25;1,3289,30,25;1,3291,30,30;1,3298,30,30
1,3203,30,25;1,3206,30,25;1,3218,30,25;1,3215,30,25;1,3196,30,25;1,3137,30,25;1,3112,30,25;1,3071,30,25;1,3068,30,25;1,3191,30,25;1,3193,30,25;1,3238,30,25;1,3277,30,25;1,3319,30,25;1,3335,30,25;1,3321,30,25;1,3323,30,30;1,3329,30,30
1,3550,30,25;1,3552,30,25;1,3562,30,25;1,3554,30,25;1,3533,30,25;1,3492,30,25;1,3449,30,25;1,3407,30,25;1,3405,30,25;1,3554,30,25;1,3554,30,25;1,3601,30,25;1,3637,30,25;1,3681,30,25;1,3702,30,25;1,3691,30,25;1,3691,30,30;1,3663,30,30
1,3470,30,25;1,3469,30,25;1,3483,30,25;1,3478,30,25;1,3460,30,25;1,3414,30,25;1,3374,30,25;1,3334,30,25;1,3331,30,25;1,3482,30,25;1,3482,30,25;1,3529,30,25;1,3570,30,25;1,3610,30,25;1,3623,30,25;1,3607,30,25;1,3609,30,30;1,3175,30,30
1,3036,30,25;1,3018,30,25;1,3046,30,25;1,3047,30,25;1,3031,30,25;1,2996,30,25;1,2954,30,25;1,2916,30,25;1,2911,30,25;1,3058,30,25;1,3060,30,25;1,3106,30,25;1,3140,30,25;1,3180,30,25;1,3187,30,25;1,3173,30,25;1,3170,30,30;1,3078,30,30
1,2963,30,25;1,2950,30,25;1,2968,30,25;1,2969,30,25;1,2953,30,25;1,2913,30,25;1,2872,30,25;1,2836,30,25;1,2833,30,25;1,2986,30,25;1,2985,30,25;1,3031,30,25;1,3070,30,25;1,3108,30,25;1,3116,30,25;1,3094,30,25;1,3097,30,30;1,3119,30,30
1,2917,30,25;1,2908,30,25;1,2925,30,25;1,2927,30,25;1,2914,30,25;1,2876,30,25;1,2836,30,25;1,2801,30,25;1,2797,30,25;1,2953,30,25;1,2953,30,25;1,2999,30,25;1,3031,30,25;1,3070,30,25;1,3076,30,25;1,3058,30,25;1,3058,30,30;1,3208,30,30
1,3073,30,25;1,3078,30,25;1,3094,30,25;1,3094,30,25;1,3077,30,25;1,3037,30,25;1,2996,30,25;1,2962,30,25;1,2959,30,25;1,3105,30,25;1,3105,30,25;1,3152,30,25;1,3187,30,25;1,3226,30,25;1,3235,30,25;1,3209,30,25;1,3217,30,30;1,3205,30,30
1,3065,30,25;1,3070,30,25;1,3084,30,25;1,3086,30,25;1,3070,30,25;1,3034,30,25;1,2991,30,25;1,2958,30,25;1,2954,30,25;1,3098,30,25;1,3098,30,25;1,3147,30,25;1,3176,30,25;1,3216,30,25;1,3223,30,25;1,3205,30,25;1,3205,30,30;1,3236,30,30
1,3099,30,25;1,3104,30,25;1,3123,30,25;1,3124,30,25;1,3107,30,25;1,3070,30,25;1,3023,30,25;1,2991,30,25;1,2987,30,25;1,3134,30,25;1,3134,30,25;1,3183,30,25;1,3219,30,25;1,3256,30,25;1,3263,30,25;1,3228,30,25;1,3241,30,30;1,3109,30,30
1,3008,30,25;1,3010,30,25;1,3026,30,25;1,3028,30,25;1,3014,30,25;1,2982,30,25;1,2933,30,25;1,2902,30,25;1,2906,30,25;1,3049,30,25;1,3050,30,25;1,3100,30,25;1,3130,30,25;1,3167,30,25;1,3172,30,25;1,3153,30,25;1,3151,30,30;1,3153,30,30
1,2990,30,25;1,2990,30,25;1,3010,30,25;1,3012,30,25;1,2995,30,25;1,2963,30,25;1,2913,30,25;1,2883,30,25;1,2882,30,25;1,3036,30,25;1,3036,30,25;1,3086,30,25;1,3121,30,25;1,3156,30,25;1,3163,30,25;1,3140,30,25;1,3138,30,30;1,3261,30,30
1,3127,30,25;1,3105,30,25;1,3124,30,25;1,3125,30,25;1,3106,30,25;1,3080,30,25;1,3029,30,25;1,3000,30,25;1,3002,30,25;1,3160,30,25;1,3160,30,25;1,3211,30,25;1,3242,30,25;1,3278,30,25;1,3284,30,25;1,3262,30,25;1,3259,30,30;1,3763,30,30
1,3752,30,25;1,3638,30,25;1,3651,30,25;1,3651,30,25;1,3630,30,25;1,3598,30,25;1,3548,30,25;1,3521,30,25;1,3520,30,25;1,3690,30,25;1,3691,30,25;1,3743,30,25;1,3777,30,25;1,3813,30,25;1,3821,30,25;1,3799,30,25;1,3796,30,30;1,3944,30,30
[Peak To Peak_TD (LCM OFF)]
Enable=1
Retry Count=0
Frame Count=30
NL Test=0
SPEC Option=0
SPEC=0x0
Benchmark_TotalThreshold_Max=0
Benchmark_TotalThreshold_Min=0
Type Option=0
Max=120
Min=0
Trimmed Mean=0
Lowest Percentage=5
Highest Percentage=5
SRC=1
Skip_Frame=0
CKH=0
Cut Panel=0
GoldenMode=0
[Peak To Peak_TD (LCM OFF)_Benchmark_Data]
[Raw Data_TD (LCM OFF)]
Enable=1
Retry Count=0
Frame Count=1
SPEC Option=1
SPEC=0x0
Benchmark_TotalThreshold_Max=0
Benchmark_TotalThreshold_Min=0
Type Option=0
Max=10537
Min=5847
Trimmed Mean=0
Lowest Percentage=10
Highest Percentage=10
CKH=0
Cut Panel=0
GoldenMode=0
[Raw Data_TD (LCM OFF)_Benchmark_Data]
1,5847,4690,0;0,0,0,0;0,0,0,0;1,5847,4690,0;0,0,0,0;0,0,0,0;1,5847,4690,0;0,0,0,0;0,0,0,0;1,5847,4690,0;0,0,0,0;0,0,0,0;1,5847,4690,0;0,0,0,0;0,0,0,0;1,5847,4690,0;0,0,0,0;0,0,0,0
1,5847,4690,0;0,0,0,0;0,0,0,0;1,5847,4690,0;0,0,0,0;0,0,0,0;1,5847,4690,0;0,0,0,0;0,0,0,0;1,5847,4690,0;0,0,0,0;0,0,0,0;1,5847,4690,0;0,0,0,0;0,0,0,0;1,5847,4690,0;0,0,0,0;0,0,0,0
1,5847,4690,0;0,0,0,0;0,0,0,0;1,5847,4690,0;0,0,0,0;0,0,0,0;1,5847,4690,0;0,0,0,0;0,0,0,0;1,5847,4690,0;0,0,0,0;0,0,0,0;1,5847,4690,0;0,0,0,0;0,0,0,0;1,5847,4690,0;0,0,0,0;0,0,0,0
1,5847,4690,0;0,0,0,0;0,0,0,0;1,5847,4690,0;0,0,0,0;0,0,0,0;1,5847,4690,0;0,0,0,0;0,0,0,0;1,5847,4690,0;0,0,0,0;0,0,0,0;1,5847,4690,0;0,0,0,0;0,0,0,0;1,5847,4690,0;0,0,0,0;0,0,0,0
1,5847,4690,0;0,0,0,0;0,0,0,0;1,5847,4690,0;0,0,0,0;0,0,0,0;1,5847,4690,0;0,0,0,0;0,0,0,0;1,5847,4690,0;0,0,0,0;0,0,0,0;1,5847,4690,0;0,0,0,0;0,0,0,0;1,5847,4690,0;0,0,0,0;0,0,0,0
1,5847,4690,0;0,0,0,0;0,0,0,0;1,5847,4690,0;0,0,0,0;0,0,0,0;1,5847,4690,0;0,0,0,0;0,0,0,0;1,5847,4690,0;0,0,0,0;0,0,0,0;1,5847,4690,0;0,0,0,0;0,0,0,0;1,5847,4690,0;0,0,0,0;0,0,0,0
1,5847,4690,0;0,0,0,0;0,0,0,0;1,5847,4690,0;0,0,0,0;0,0,0,0;1,5847,4690,0;0,0,0,0;0,0,0,0;1,5847,4690,0;0,0,0,0;0,0,0,0;1,5847,4690,0;0,0,0,0;0,0,0,0;1,5847,4690,0;0,0,0,0;0,0,0,0
1,5847,4690,0;0,0,0,0;0,0,0,0;1,5847,4690,0;0,0,0,0;0,0,0,0;1,5847,4690,0;0,0,0,0;0,0,0,0;1,5847,4690,0;0,0,0,0;0,0,0,0;1,5847,4690,0;0,0,0,0;0,0,0,0;1,5847,4690,0;0,0,0,0;0,0,0,0
1,5847,4690,0;0,0,0,0;0,0,0,0;1,5847,4690,0;0,0,0,0;0,0,0,0;1,5847,4690,0;0,0,0,0;0,0,0,0;1,5847,4690,0;0,0,0,0;0,0,0,0;1,5847,4690,0;0,0,0,0;0,0,0,0;1,5847,4690,0;0,0,0,0;0,0,0,0
1,5847,4690,0;0,0,0,0;0,0,0,0;1,5847,4690,0;0,0,0,0;0,0,0,0;1,5847,4690,0;0,0,0,0;0,0,0,0;1,5847,4690,0;0,0,0,0;0,0,0,0;1,5847,4690,0;0,0,0,0;0,0,0,0;1,5847,4690,0;0,0,0,0;0,0,0,0
1,5847,4690,0;0,0,0,0;0,0,0,0;1,5847,4690,0;0,0,0,0;0,0,0,0;1,5847,4690,0;0,0,0,0;0,0,0,0;1,5847,4690,0;0,0,0,0;0,0,0,0;1,5847,4690,0;0,0,0,0;0,0,0,0;1,5847,4690,0;0,0,0,0;0,0,0,0
1,5847,4690,0;0,0,0,0;0,0,0,0;1,5847,4690,0;0,0,0,0;0,0,0,0;1,5847,4690,0;0,0,0,0;0,0,0,0;1,5847,4690,0;0,0,0,0;0,0,0,0;1,5847,4690,0;0,0,0,0;0,0,0,0;1,5847,4690,0;0,0,0,0;0,0,0,0
1,5847,4690,0;0,0,0,0;0,0,0,0;1,5847,4690,0;0,0,0,0;0,0,0,0;1,5847,4690,0;0,0,0,0;0,0,0,0;1,5847,4690,0;0,0,0,0;0,0,0,0;1,5847,4690,0;0,0,0,0;0,0,0,0;1,5847,4690,0;0,0,0,0;0,0,0,0
1,5847,4690,0;0,0,0,0;0,0,0,0;1,5847,4690,0;0,0,0,0;0,0,0,0;1,5847,4690,0;0,0,0,0;0,0,0,0;1,5847,4690,0;0,0,0,0;0,0,0,0;1,5847,4690,0;0,0,0,0;0,0,0,0;1,5847,4690,0;0,0,0,0;0,0,0,0
1,5847,4690,0;0,0,0,0;0,0,0,0;1,5847,4690,0;0,0,0,0;0,0,0,0;1,5847,4690,0;0,0,0,0;0,0,0,0;1,5847,4690,0;0,0,0,0;0,0,0,0;1,5847,4690,0;0,0,0,0;0,0,0,0;1,5847,4690,0;0,0,0,0;0,0,0,0
1,5847,4690,0;0,0,0,0;0,0,0,0;1,5847,4690,0;0,0,0,0;0,0,0,0;1,5847,4690,0;0,0,0,0;0,0,0,0;1,5847,4690,0;0,0,0,0;0,0,0,0;1,5847,4690,0;0,0,0,0;0,0,0,0;1,5847,4690,0;0,0,0,0;0,0,0,0
1,5847,4690,0;0,0,0,0;0,0,0,0;1,5847,4690,0;0,0,0,0;0,0,0,0;1,5847,4690,0;0,0,0,0;0,0,0,0;1,5847,4690,0;0,0,0,0;0,0,0,0;1,5847,4690,0;0,0,0,0;0,0,0,0;1,5847,4690,0;0,0,0,0;0,0,0,0
1,5847,4690,0;0,0,0,0;0,0,0,0;1,5847,4690,0;0,0,0,0;0,0,0,0;1,5847,4690,0;0,0,0,0;0,0,0,0;1,5847,4690,0;0,0,0,0;0,0,0,0;1,5847,4690,0;0,0,0,0;0,0,0,0;1,5847,4690,0;0,0,0,0;0,0,0,0
1,5847,4690,0;0,0,0,0;0,0,0,0;1,5847,4690,0;0,0,0,0;0,0,0,0;1,5847,4690,0;0,0,0,0;0,0,0,0;1,5847,4690,0;0,0,0,0;0,0,0,0;1,5847,4690,0;0,0,0,0;0,0,0,0;1,5847,4690,0;0,0,0,0;0,0,0,0
1,5847,4690,0;0,0,0,0;0,0,0,0;1,5847,4690,0;0,0,0,0;0,0,0,0;1,5847,4690,0;0,0,0,0;0,0,0,0;1,5847,4690,0;0,0,0,0;0,0,0,0;1,5847,4690,0;0,0,0,0;0,0,0,0;1,5847,4690,0;0,0,0,0;0,0,0,0
1,5847,4690,0;0,0,0,0;0,0,0,0;1,5847,4690,0;0,0,0,0;0,0,0,0;1,5847,4690,0;0,0,0,0;0,0,0,0;1,5847,4690,0;0,0,0,0;0,0,0,0;1,5847,4690,0;0,0,0,0;0,0,0,0;1,5847,4690,0;0,0,0,0;0,0,0,0
1,5847,4690,0;0,0,0,0;0,0,0,0;1,5847,4690,0;0,0,0,0;0,0,0,0;1,5847,4690,0;0,0,0,0;0,0,0,0;1,5847,4690,0;0,0,0,0;0,0,0,0;1,5847,4690,0;0,0,0,0;0,0,0,0;1,5847,4690,0;0,0,0,0;0,0,0,0
1,5847,4690,0;0,0,0,0;0,0,0,0;1,5847,4690,0;0,0,0,0;0,0,0,0;1,5847,4690,0;0,0,0,0;0,0,0,0;1,5847,4690,0;0,0,0,0;0,0,0,0;1,5847,4690,0;0,0,0,0;0,0,0,0;1,5847,4690,0;0,0,0,0;0,0,0,0
1,5847,4690,0;0,0,0,0;0,0,0,0;1,5847,4690,0;0,0,0,0;0,0,0,0;1,5847,4690,0;0,0,0,0;0,0,0,0;1,5847,4690,0;0,0,0,0;0,0,0,0;1,5847,4690,0;0,0,0,0;0,0,0,0;1,5847,4690,0;0,0,0,0;0,0,0,0
1,5847,4690,0;0,0,0,0;0,0,0,0;1,5847,4690,0;0,0,0,0;0,0,0,0;1,5847,4690,0;0,0,0,0;0,0,0,0;1,5847,4690,0;0,0,0,0;0,0,0,0;1,5847,4690,0;0,0,0,0;0,0,0,0;1,5847,4690,0;0,0,0,0;0,0,0,0
1,5847,4690,0;0,0,0,0;0,0,0,0;1,5847,4690,0;0,0,0,0;0,0,0,0;1,5847,4690,0;0,0,0,0;0,0,0,0;1,5847,4690,0;0,0,0,0;0,0,0,0;1,5847,4690,0;0,0,0,0;0,0,0,0;1,5847,4690,0;0,0,0,0;0,0,0,0
1,5847,4690,0;0,0,0,0;0,0,0,0;1,5847,4690,0;0,0,0,0;0,0,0,0;1,5847,4690,0;0,0,0,0;0,0,0,0;1,5847,4690,0;0,0,0,0;0,0,0,0;1,5847,4690,0;0,0,0,0;0,0,0,0;1,5847,4690,0;0,0,0,0;0,0,0,0
1,5847,4690,0;0,0,0,0;0,0,0,0;1,5847,4690,0;0,0,0,0;0,0,0,0;1,5847,4690,0;0,0,0,0;0,0,0,0;1,5847,4690,0;0,0,0,0;0,0,0,0;1,5847,4690,0;0,0,0,0;0,0,0,0;1,5847,4690,0;0,0,0,0;0,0,0,0
1,5847,4690,0;0,0,0,0;0,0,0,0;1,5847,4690,0;0,0,0,0;0,0,0,0;1,5847,4690,0;0,0,0,0;0,0,0,0;1,5847,4690,0;0,0,0,0;0,0,0,0;1,5847,4690,0;0,0,0,0;0,0,0,0;1,5847,4690,0;0,0,0,0;0,0,0,0
1,5847,4690,0;0,0,0,0;0,0,0,0;1,5847,4690,0;0,0,0,0;0,0,0,0;1,5847,4690,0;0,0,0,0;0,0,0,0;1,5847,4690,0;0,0,0,0;0,0,0,0;1,5847,4690,0;0,0,0,0;0,0,0,0;1,5847,4690,0;0,0,0,0;0,0,0,0
1,5847,4690,0;0,0,0,0;0,0,0,0;1,5847,4690,0;0,0,0,0;0,0,0,0;1,5847,4690,0;0,0,0,0;0,0,0,0;1,5847,4690,0;0,0,0,0;0,0,0,0;1,5847,4690,0;0,0,0,0;0,0,0,0;1,5847,4690,0;0,0,0,0;0,0,0,0
1,5847,4690,0;0,0,0,0;0,0,0,0;1,5847,4690,0;0,0,0,0;0,0,0,0;1,5847,4690,0;0,0,0,0;0,0,0,0;1,5847,4690,0;0,0,0,0;0,0,0,0;1,5847,4690,0;0,0,0,0;0,0,0,0;1,5847,4690,0;0,0,0,0;0,0,0,0
1,5847,4690,0;0,0,0,0;0,0,0,0;1,5847,4690,0;0,0,0,0;0,0,0,0;1,5847,4690,0;0,0,0,0;0,0,0,0;1,5847,4690,0;0,0,0,0;0,0,0,0;1,5847,4690,0;0,0,0,0;0,0,0,0;1,5847,4690,0;0,0,0,0;0,0,0,0
1,5847,4690,0;0,0,0,0;0,0,0,0;1,5847,4690,0;0,0,0,0;0,0,0,0;1,5847,4690,0;0,0,0,0;0,0,0,0;1,5847,4690,0;0,0,0,0;0,0,0,0;1,5847,4690,0;0,0,0,0;0,0,0,0;1,5847,4690,0;0,0,0,0;0,0,0,0
1,5847,4690,0;0,0,0,0;0,0,0,0;1,5847,4690,0;0,0,0,0;0,0,0,0;1,5847,4690,0;0,0,0,0;0,0,0,0;1,5847,4690,0;0,0,0,0;0,0,0,0;1,5847,4690,0;0,0,0,0;0,0,0,0;1,5847,4690,0;0,0,0,0;0,0,0,0
1,5847,4690,0;0,0,0,0;0,0,0,0;1,5847,4690,0;0,0,0,0;0,0,0,0;1,5847,4690,0;0,0,0,0;0,0,0,0;1,5847,4690,0;0,0,0,0;0,0,0,0;1,5847,4690,0;0,0,0,0;0,0,0,0;1,5847,4690,0;0,0,0,0;0,0,0,0
[Pin Test ( INT and RST )]
Enable=1
Test INT Pin=1
INT Pulse Test=0
Delay Time=0
Test Reset Pin=1
[Node Type]
